7 0.13044599886671665 0.1515320766303378 0.18835254151893333 0.18265554995575256
7 0.4133181551884926 0.1690507259424009 0.22929785444580594 0.15975472562106094
7 0.6961903115102684 0.18656937525446396 0.1959843132253246 0.1889590130151113
7 0.12051913768034504 0.3009398928339496 0.19803933778762092 0.19263824416456637
7 0.4099892359295303 0.3271168767467604 0.21282798963539776 0.20702356759243984
7 0.7191356066456728 0.34330912137903624 0.21226905142142155 0.20760004182467282
7 0.11800541491975323 0.48780322287200567 0.1815906246310654 0.197361253436319
7 0.4058533568471626 0.5079216167877438 0.2365343829154596 0.22896325176905236
7 0.7498554967940744 0.5255341251812792 0.28541826581578805 0.20818364703071715
7 0.39397638941809787 0.6979989191569114 0.34013899249886836 0.33086243884108957
7 0.1270148797095339 0.7194805290434162 0.16628505789379755 0.18415336577914013
7 0.7247908821851559 0.749830526819272 0.2341761184571414 0.4266194021931876