14 0.6568596667599564 0.53125 0.2701002521606365 0.24939903846153846
14 0.34785500892241544 0.5961538461538461 0.3886517673193335 0.1484375
14 0.35032916116915636 0.7379807692307693 0.3032083503101762 0.28185096153846156
14 0.5963770181747168 0.7584134615384616 0.3289241768369725 0.39122596153846156
14 0.33741567951953394 0.8449519230769231 0.25746825534874457 0.0985576923076923
14 0.3872537580563143 0.12379807692307693 0.10016191238657922 0.09254807692307693
14 0.5795614503640066 0.12379807692307693 0.18946994462612649 0.17668269230769232
14 0.5656640609575283 0.25961538461538464 0.2896028308373514 0.1736778846153846
14 0.3636499077497106 0.2608173076923077 0.28316686020438636 0.26322115384615385
14 0.6100965132365433 0.3870192307692308 0.3353235750152136 0.2932692307692308
14 0.2739761509629234 0.42908653846153844 0.2708378281262092 0.2512019230769231