3 0.4511717697855237 0.15345411242817003 0.31306301868945 0.2192868744020403
3 0.6873651493445515 0.22066292136229143 0.2251557885922811 0.25961547368986077
3 0.1236922062768165 0.2998583562390245 0.23855827792481324 0.2422304029065664
3 0.8918269230769231 0.30528846153846156 0.21153846153846154 0.25961538461538464
3 0.42070909150560937 0.39551814182292055 0.29785764474153326 0.23658797448482793
3 0.729213681170994 0.46778158427523314 0.33139908814529934 0.20753437933291785
3 0.674895302635951 0.06480164885292765 0.20555983604113265 0.1296032977058553
3 0.1795451939133018 0.5800150801687629 0.29901810768277265 0.2606544262567917
3 0.44156643456063094 0.6712886839111742 0.26751683452104724 0.2741949823427107
3 0.7810962187258552 0.6807425768312882 0.26507102576199276 0.2722801367933171
3 0.14986581759727635 0.8557329557173596 0.2658258501862182 0.2789187039498962
3 0.5068379763824793 0.8908454297917182 0.3405528841033923 0.1881504922997233
3 0.859375 0.8737980769230769 0.2764423076923077 0.18990384615384615
3 0.18247051700929495 0.09280532961929897 0.2838112263262822 0.18561065923859793