14 0.603802711980953 0.7618176236222092 0.20930713572307078 0.3431622580530258
14 0.34975961538461536 0.7800480769230769 0.2764423076923077 0.43509615384615385
14 0.10587790669115146 0.8096224350641779 0.07290944356644902 0.2410319427442655
14 0.9250789865274499 0.9116709378058178 0.13971716612476223 0.1562693028836648
14 0.8391093283509358 0.19254938748175976 0.15591595868274383 0.3584546253735719
14 0.1287168492181382 0.18976580169741286 0.20410476310218517 0.3785245804181977
14 0.39405515327793483 0.2436811494728168 0.2763984586072085 0.4104323976005212
14 0.6149083183237629 0.2992240965242496 0.20551216604922692 0.20729250124735216
14 0.1184503529442161 0.5081285595646033 0.17891602151095665 0.18038864135742336
14 0.2694311500986355 0.5900989179551748 0.14687975649894902 0.14798171921728182
14 0.8522169981442725 0.6255144305635708 0.28619914669613916 0.44245119630175395