10 0.9711538461538461 0.12139423076923077 0.052884615384615384 0.06971153846153846
10 0.22100397227060006 0.4045800562606121 0.36356805874393 0.3739819600525279
10 0.7044290096709993 0.45165991532001293 0.3168922507212061 0.32802393054476436
10 0.4653093074826376 0.4319360643084037 0.33646691020347236 0.34768267367535555
10 0.82880255888371 0.15386685478219214 0.2201051177674201 0.18196875574586857
10 0.10450252757058606 0.5786349725223645 0.15974422641983882 0.22873179079982173
10 0.5858965487234806 0.6554474445738593 0.2349061354064805 0.1904421499313385
10 0.9074519230769231 0.6850961538461539 0.18028846153846154 0.4182692307692308
10 0.34095109069885304 0.661534973392592 0.3547136663701544 0.3648324160084394
10 0.8137019230769231 0.7415865384615384 0.36778846153846156 0.43028846153846156
10 0.30413419615194276 0.09600019937678005 0.2801433923038855 0.1632931810341163
10 0.6725882049524391 0.8257440348733607 0.27448616358704325 0.2836358653667376
10 0.10758572261053337 0.08957214550868925 0.21513995016140144 0.17854332947891696
10 0.15346808353140487 0.8509152264193017 0.23285978673004953 0.288368914377065
10 0.2536057692307692 0.90625 0.2764423076923077 0.18269230769230768
10 0.9254807692307693 0.9699519230769231 0.14423076923076922 0.055288461538461536
10 0.7007211538461539 0.9519230769230769 0.20432692307692307 0.09134615384615384
10 0.6422371890543845 0.20095434416068253 0.26623273275172904 0.27453889864447956
10 0.8665865384615384 0.26322115384615385 0.2620192307692308 0.2956730769230769