10 0.2127403846153846 0.2923604657367206 0.16646634615384615 0.3617196408339702
10 0.5516826923076923 0.3189642651242988 0.42127403846153844 0.6061596152235408
10 0.140625 0.32385740694721943 0.28125 0.6477148138944389
10 0.18509615384615385 0.43169791499561694 0.3323317307692308 0.36043052220366883
10 0.6598557692307693 0.5060096153846154 0.6514423076923077 0.9831730769230769
10 0.21033653846153846 0.6396042740334807 0.4206730769230769 0.4570931634515769
10 0.08774038461538461 0.6651442663990211 0.17548076923076922 0.25396641741342696
10 0.31490384615384615 0.6781284208167191 0.23978365384615385 0.24193733393662972
10 0.3389423076923077 0.09270956861834753 0.1484375 0.1607597415212103
10 0.4110576923076923 0.7775587812540026 0.2980769230769231 0.311359117355579
10 0.1310096153846154 0.8786057692307693 0.19471153846153846 0.23798076923076922
10 0.20552884615384615 0.8882211538461539 0.23317307692307693 0.21875
10 0.13221153846153846 0.2176963129089572 0.2644230769230769 0.3296233950486836