12 0.9170673076923077 0.29927884615384615 0.16105769230769232 0.25240384615384615
12 0.12721383286481028 0.2686416997710594 0.23840693778572916 0.28728339954211884
12 0.4130386145753481 0.3816460547932492 0.2846039535167681 0.2898587931336032
12 0.20612151686685515 0.4364937060673429 0.36446104375017835 0.36990906994295586
12 0.7970359749410807 0.49668598837392514 0.29152262136184304 0.29520610210821074
12 0.1204303053638879 0.4426507871829687 0.20234924547803687 0.2843400359043989
12 0.9170673076923077 0.5240384615384616 0.16105769230769232 0.27884615384615385
12 0.6045723947667333 0.5718436422126186 0.4380004276769752 0.44466109383832947
12 0.3986870331658023 0.6614489505962242 0.35874429898202653 0.36465987308960546
12 0.8918269230769231 0.7800480769230769 0.21153846153846154 0.2860576923076923
12 0.052929355098390175 0.07964563869644724 0.10585871019678035 0.15929127739289448
12 0.7632211538461539 0.8064903846153846 0.1658653846153846 0.38221153846153844
12 0.26500837801346144 0.8143389575838056 0.26737669648181345 0.2729092794966292
12 0.13469196720334137 0.8144620440590639 0.18034565794928645 0.2395010111950507
12 0.5444711538461539 0.8774038461538461 0.31490384615384615 0.2403846153846154
12 0.9050480769230769 0.921875 0.18509615384615385 0.15144230769230768
12 0.11899038461538461 0.9326923076923077 0.10336538461538461 0.12980769230769232
12 0.3317307692307692 0.9435096153846154 0.27403846153846156 0.10817307692307693
12 0.33380854054859904 0.15279030793766085 0.28300169648181345 0.2741847370729745
12 0.870683042280717 0.1906368107550741 0.24617377686912625 0.25922214266602367
12 0.6289263168498173 0.20557581937060437 0.30172282600732675 0.33310344628099886