12 0.5884437811250536 0.18577884397827749 0.13343046389067853 0.16700573997692286
12 0.44583556596234 0.2681089396791319 0.15556812806826933 0.16474437011541987
12 0.5838618992565708 0.2993905410710125 0.1546039930875267 0.17485556162560514
12 0.37811025748066274 0.3595444474730064 0.09907724098336027 0.1340133330313389
12 0.6958655509105772 0.3510143907772805 0.1272804706858441 0.13468158254198698
12 0.41623810497863284 0.4453321158554851 0.1642053901678421 0.17509583723643127
12 0.5933404233384085 0.4479032293911692 0.12609253514399052 0.1351773894367875
12 0.3255353777456734 0.4809680995429494 0.10700113879439113 0.11371576169081184
12 0.6934077644945518 0.4523965478134628 0.10876256327409205 0.13785937787293426
12 0.520750467469712 0.4855676626544882 0.11494304389668823 0.30032930254487167
12 0.3311833270965817 0.568393020227351 0.1249485720854436 0.24063115627503537
12 0.2695225792007484 0.6099187540054136 0.05182508000600969 0.1394751092221152
12 0.7430802715084408 0.568487824402993 0.18263987483870198 0.19410104150673035
12 0.44265545241794924 0.5971803314720806 0.12758869892689645 0.1736915052201564
12 0.6187236981216352 0.6070681381129641 0.12988164973923622 0.2206716598638174
12 0.6917622600516032 0.6404223210317677 0.17827928118370742 0.18712242333084003
12 0.3499974850924152 0.7040452406289892 0.12068438376736117 0.1604929623723286
12 0.45912171440021426 0.7354467073148869 0.11176787343592419 0.16391103331410242
12 0.5723542592622336 0.7363794785030637 0.13405889802975432 0.14247147154366063