21 0.6967289379381576 0.17206592282238298 0.25129601960370757 0.2507055478879191
21 0.09316256993030038 0.19634795079855885 0.18632513986060076 0.2580805169817331
21 0.895918577674023 0.26330990821061895 0.19991449050744947 0.3014756256230424
21 0.4167979258261675 0.2982292401319764 0.3913183813035644 0.3907279095877759
21 0.09936446295954258 0.47051229020909885 0.19872892591908517 0.5750390034951208
21 0.8284673813722692 0.5458728128064515 0.32709637362347677 0.42865750873906955
21 0.29703464785632866 0.6159477122856054 0.2858635333372553 0.647822695115502
21 0.8712744361893296 0.0909523763676514 0.17572035839057148 0.1544633766221915
21 0.49660192120842966 0.685557082289226 0.4439241780064989 0.4445146497222873
21 0.8754086738316715 0.8184095529409626 0.221213431566522 0.28262249000850875
21 0.780288913591977 0.8263675455739806 0.2873611600879843 0.2861802166564074
21 0.1658653846153846 0.8569711538461539 0.16826923076923078 0.28125
21 0.40384615384615385 0.9122596153846154 0.22596153846153846 0.17067307692307693
21 0.6177884615384616 0.921875 0.19230769230769232 0.15144230769230768
21 0.23874820304759498 0.09794592906928308 0.22442667082788695 0.19136025474374044
21 0.48204625936654794 0.14186825861306693 0.2690385988992883 0.2690385988992883