28 0.5961538461538461 0.3444325408578078 0.25841346153846156 0.2653315637875973
28 0.4855769230769231 0.3885153853264898 0.08233173076923077 0.16826099331050282
28 0.4723557692307692 0.03854217769833456 0.08834134615384616 0.07708435539666912
28 0.8569711538461539 0.477468532290791 0.16346153846153846 0.168217783462065
28 0.4014423076923077 0.5267807602984804 0.2536057692307692 0.26158590499798906
28 0.21875 0.5405100250728246 0.20612980769230768 0.42606988021983827
28 0.5324519230769231 0.5349880005893479 0.13701923076923078 0.14160704473460434
28 0.6045673076923077 0.6266396572067626 0.09615384615384616 0.21313432963831885
28 0.09254807692307693 0.6848071259923489 0.09134615384615384 0.21539828623332594
28 0.7247596153846154 0.7241039566973255 0.11057692307692307 0.19672707523791289
28 0.40625 0.7898620245857952 0.09975961538461539 0.18319116988437129
28 0.5120192307692307 0.820438300445183 0.14603365384615385 0.1502827991958891
28 0.29447115384615385 0.847200995290341 0.10336538461538461 0.2001230101304237
28 0.6730769230769231 0.8542135386856142 0.15685096153846154 0.16201581993404582
28 0.3737980769230769 0.9362389714156508 0.10276442307692307 0.10455263932018419
28 0.47716346153846156 0.9332313459006121 0.09915865384615384 0.10324579907413177
28 0.24519230769230768 0.17090863491491828 0.19230769230769232 0.34181726982983657
28 0.4074519230769231 0.21410589834993163 0.1893028846153846 0.33183026676390176