22 0.26280240016685935 0.11782442936649845 0.22609479823335374 0.14064368504557517
22 0.5938137346103161 0.1795758707868344 0.2212350622239307 0.23464804429678904
22 0.09022894313126896 0.2154541640968848 0.17348638991308057 0.18473064644205967
22 0.8237306714979936 0.22496068310758796 0.2611362716152439 0.2780551790186564
22 0.3033679050293753 0.2703307561830926 0.22244397788476117 0.23592699010421156
22 0.5657507501617908 0.3160398009342064 0.27245624399373464 0.15863309863134353
22 0.08743431363375793 0.35510830921146014 0.15219401046235298 0.13891159481216503
22 0.9302884615384616 0.34134615384615385 0.1346153846153846 0.16826923076923078
22 0.7899587527728712 0.41349241921514973 0.2487359450230598 0.211780144021354
22 0.2059500038985889 0.47256008162251134 0.2875781786299767 0.17642280583951012
22 0.5078075108039661 0.48327545319021925 0.35121017586782577 0.16848577978675158
22 0.9081535855331112 0.6824635220490081 0.16683036119460581 0.1764945214243126