18 0.15574313498832282 0.23403210349080658 0.12291221341075718 0.13125449895559294
18 0.054991392980248535 0.25429275244565347 0.10377281093795812 0.16929911049330842
18 0.44858060626627044 0.3232697393773008 0.12167882086581454 0.12935350221895095
18 0.6257038711262375 0.3340876421678572 0.16379249437931082 0.20420373741862338
18 0.17758481705758816 0.046777086244825565 0.11478501873056093 0.09355417248965113
18 0.5070220978988718 0.43043731583205214 0.12305602928209339 0.17387371212573355
18 0.3812397677288769 0.4647775501025339 0.14125575424479947 0.1507550269282991
18 0.6626725012448174 0.5212443489264978 0.14536503496388284 0.17989551713822502
18 0.4919723613842166 0.602582074573989 0.13868102928209353 0.17514916970207886
18 0.30600995878668236 0.6370202225996452 0.12133706324809442 0.1785342362515398
18 0.4790747152792506 0.7601075321503346 0.13001581199947493 0.16003930793020077
18 0.05930774038398168 0.0889423076923077 0.11836372502380635 0.1778846153846154