15 0.8990384615384616 0.3389423076923077 0.1971153846153846 0.5048076923076923
15 0.3126145295185161 0.4334301541285025 0.4334764757008753 0.4426656413020303
15 0.10642939731105543 0.4610958502881626 0.18952231885599097 0.2749236840390594
15 0.6510417345991996 0.46791555930687356 0.4037069361229685 0.41454323647116537
15 0.9567307692307693 0.038461538461538464 0.08173076923076923 0.07692307692307693
15 0.8509615384615384 0.7319711538461539 0.2932692307692308 0.37740384615384615
15 0.18047171895796724 0.7879844859751348 0.31712458773638563 0.3567233357420382
15 0.43006726537664897 0.7963301866166173 0.34580285326767535 0.35359574057290316
15 0.7003626037811614 0.8456231301913693 0.29394844310630847 0.24262250175223096
15 0.15238479016871326 0.15865384615384615 0.30393013876310565 0.3173076923076923
15 0.7657013360292109 0.15055524319932886 0.3346077968669233 0.30111048639865773
15 0.4497634551133058 0.1636042901123581 0.34080628660576084 0.3272085802247162