12 0.692987052093767 0.25667420300457644 0.18897165819054088 0.16890636445915475
12 0.7757062969725362 0.3667853414631308 0.18416396588284856 0.16851391597412538
12 0.5908549498543507 0.3903080696752219 0.21336446799416356 0.22425607168612102
12 0.9210083484575164 0.433234999033508 0.1172327324032356 0.25837629755658453
12 0.6782419974819732 0.49521906734105464 0.18309730799670104 0.13185526212797155
12 0.8431852381381127 0.4913930913441844 0.22138680233242197 0.23210533893583213
12 0.4711008083108139 0.5808001918244462 0.1478090082626234 0.1553542061825592
12 0.6976090431809171 0.6225493789954786 0.1842974245282919 0.1937052445288813
12 0.5215208814982906 0.6574045531279992 0.22324214553237126 0.23405539173310286
12 0.8105640887581035 0.695253833070573 0.16139737220072967 0.16905363182408226
12 0.43110612034750867 0.7382764941571215 0.20470619972773368 0.21515582529885818
12 0.676425455771864 0.7640328104649595 0.1966838653894751 0.20730655804914677
12 0.5783316532665255 0.870831920958268 0.16941970653898808 0.17690289907379345