28 0.9358336635503028 0.3509958600023486 0.10471554367818815 0.1408342192417377
28 0.12665953044604963 0.2862364002031336 0.18671470557273923 0.1922981568913458
28 0.04957845390400196 0.3221448059160968 0.09915690780800392 0.15390499644757816
28 0.5665600626725482 0.37661600137806156 0.14867467757740835 0.22368382288130315
28 0.681411206656947 0.42407561719779063 0.12221754628651273 0.2082018441964385
28 0.8661944970435547 0.5247195116371779 0.16801409381483923 0.17629776031335437
28 0.11828879366520223 0.4918704010006408 0.14666103772891997 0.20615078362225753
28 0.5574912270178183 0.5713275398396 0.1441732208745671 0.20413758971955104
28 0.859977351278707 0.7100259747706535 0.1590688178398348 0.16414340857695847
28 0.04311199282623982 0.09513172101794863 0.08622398565247964 0.18960990317560522
28 0.6875197054151333 0.18927999862314682 0.1438801519046303 0.21069558932079746