5 0.9309648879170408 0.29801457345880544 0.026694585793082346 0.03695934513171316
5 0.5789413017292737 0.29992639597510135 0.03487076170488789 0.05267525179944039
5 0.6057752604035259 0.3170610031581781 0.03319326243560365 0.0322285738505592
5 0.6346773643899576 0.31980050470055554 0.03992972717430547 0.03771414872325147
5 0.5581179633786861 0.33453042366447205 0.03439518551252673 0.03224255949174794
5 0.5320393315981841 0.3498477395583184 0.03994371470937503 0.038315110261713144
5 0.5922194106547546 0.3541527908485278 0.0306220683304488 0.05082341743989497
27 0.3700035167746798 0.35757506261321453 0.07992939202395838 0.07843310513881062
5 0.5686565253086542 0.37430577033244405 0.03689694441185901 0.03647726154335647
5 0.5440036171661862 0.3992524564828638 0.03997168977951386 0.039517033338636084
5 0.6702055402431093 0.40072094880768816 0.03568103379986645 0.03586231436370605
5 0.6404931641616991 0.414794384701045 0.03505209719126594 0.03465339846618867
27 0.4830692161549149 0.41416418878223477 0.09228432363485585 0.09299603847377579
5 0.5710334013314107 0.4248005252044021 0.02993718158157048 0.0472106553885313
5 0.6024232766821052 0.43117376725992634 0.031390377820219036 0.032207595388776156
5 0.5255841249694447 0.43388445545461213 0.027463397752377168 0.04417787641384599
27 0.3567843728066243 0.4607586338931447 0.06975551094484526 0.10595146513734231
5 0.5876095537161329 0.4658477231552412 0.02988123144129281 0.04480680923468515
5 0.6873971441708873 0.4682104544508349 0.03292800173880896 0.046644657953041686
5 0.5588193500102568 0.46791591392055604 0.0293781826483174 0.049006547183321474
5 0.7210789653948722 0.4698039754810445 0.036882956876789524 0.03587630000489493
5 0.6538551982975965 0.4726265488052407 0.03752588102045952 0.037686177440873846
5 0.5315108200826927 0.4820173210962905 0.03475886142433227 0.04786755949174808
5 0.6133814646641563 0.4889779600817445 0.02989521897636216 0.045407770773146686
5 0.4945589304696051 0.4948049200655914 0.030412255304407054 0.04180899436297189
5 0.639125400542041 0.5109062739313247 0.03056611819017099 0.04841957128604882
5 0.6968456833044876 0.5127795077853103 0.03689694441185901 0.03647726154335647
5 0.7281796085149044 0.5167489036869886 0.03544374817321046 0.051480321543111746
5 0.5551306605081201 0.5159368944327238 0.03475886142433227 0.04786755949174808
5 0.6696490536574792 0.5316886072687372 0.03737252060422017 0.05690995385104877
27 0.43776182502174193 0.5325951477500672 0.06511566905798624 0.11310706103412553
5 0.5833623677502675 0.541498948795451 0.04240351100349899 0.04074692769793678
5 0.6255136006529919 0.5455942154678284 0.03628199533832799 0.03586930718430049
5 0.7026884532073189 0.5573066041962195 0.03752588102045952 0.037686177440873846
5 0.5585136341168273 0.5580321734074092 0.03439518551252673 0.03224255949174808
27 0.33020419964172054 0.5577787477353826 0.0881760080806358 0.12298817283209747
5 0.6058642103091885 0.5790103057214648 0.03677155906575864 0.0569029610304542
5 0.6683642103091885 0.5797375590632826 0.029867243906223324 0.044205847696223606
5 0.7249105450648509 0.5827987303530026 0.035695021334935934 0.03646327590216759
5 0.6965119923409192 0.6016938441952405 0.03752588102045925 0.037686177440873984
5 0.6682533149676821 0.6265985734220939 0.03481481156461022 0.05027140564559417
5 0.717588111261806 0.6295758308646809 0.0344511356528044 0.0346464056455941
5 0.6400226126645839 0.6527052257258702 0.04427633329423076 0.04377271385202765
5 0.7292726461284194 0.6669613170199955 0.03502412212112724 0.03345147538926559
5 0.7005663676329601 0.6726352770160796 0.04244547360870744 0.042549812313321396
5 0.6694002928433768 0.67587741957594 0.03053814312003202 0.04721764820912547
5 0.9294791943825321 0.07930653038237183 0.031362402750080336 0.03100567231185294
27 0.364643357637554 0.6951616051755223 0.07988843435779923 0.12829892718992944
5 0.6811687529204065 0.7168686749620238 0.0387557791675213 0.0389020861589858
5 0.8147659806812502 0.10681006267440053 0.03874179163245209 0.03830112462052426
5 0.9598639770863249 0.14574795500167234 0.025534625321367452 0.03874824410590896
5 0.927018393149359 0.025206006279644564 0.029517555529487264 0.02918180923468514
5 0.8751988403081198 0.17360112832342114 0.02985325637115384 0.04360488615776207
5 0.5488352647878206 0.19383549545852807 0.032983951879086634 0.04904850410688791
5 0.9794874022380877 0.2144673550041198 0.039342753170913625 0.03830811744111863
27 0.857446730038515 0.030404454475309334 0.08508576776933771 0.04184437949860087
5 0.8780792675933763 0.24573049857999452 0.030468205444684864 0.04421284051681805
5 0.5933633737133015 0.24842551700286347 0.028008409150560902 0.041781023080594275
5 0.5670609413716883 0.25412744828132516 0.027421435147168848 0.042374991798461374
5 0.5286553530504275 0.2560837539171296 0.02985325637115384 0.04360488615776207
5 0.5010670724214745 0.2581659303236333 0.028623358224091924 0.042388977439650116
5 0.6444316194169873 0.2742532985481778 0.041816537000106936 0.04134089641580395
5 0.613293519697543 0.27869736418496127 0.027351497471821553 0.03937018410615368
27 0.4342069812360045 0.2766135036478295 0.08450030117451927 0.11994140821622327