14 0.6785637258228936 0.4987813291373867 0.23207230545353325 0.288601578703526
14 0.3722106951106889 0.5778482334433728 0.27239205304560915 0.2748799145816791
14 0.3804791436683497 0.7190593713832464 0.2916934139973736 0.2949783810510181
14 0.6273617721763307 0.7279600874880104 0.3581788467059924 0.3604733360357591
14 0.3719359363549295 0.8262544470974181 0.2534417104547156 0.1102016294446296
14 0.392311491276863 0.10532452281159005 0.08594132953881037 0.10720004660519325
14 0.5846191835845553 0.09636764809086913 0.21125040129566486 0.1562352654758881
14 0.5762705694588732 0.23235289718419033 0.2326293801438733 0.23582892425291951
14 0.37430552045708015 0.24295953871787038 0.35708946195408064 0.19182706559608484
14 0.6259080675765111 0.35723762232283374 0.3140625407595199 0.31701968330325303
14 0.2915063525137573 0.41481151937538946 0.26057504906703755 0.26292983091436695