18 0.44505223459210236 0.3350406151691032 0.1397729992074387 0.22880649242887685
18 0.24378462303750384 0.3258674293806668 0.07681690807959654 0.1782768655035619
18 0.7573880133979137 0.3786767249711139 0.1236180534660102 0.12595624604161387
18 0.8660344031199874 0.39722031262091595 0.2030008997812267 0.2041055261143246
18 0.5732384851497533 0.38299445177076813 0.20480378439661132 0.20425269429621062
18 0.146938029356317 0.3590800685379793 0.16998387791642777 0.17035366702226268
18 0.06564754899051209 0.42344459557403447 0.13129509798102418 0.1882353449942228
18 0.6822477606025136 0.4765478307960877 0.123910633103802 0.19287148986427682
18 0.3385336233530992 0.47993398835900464 0.13767895436253894 0.2405804428949643
18 0.19867309638161126 0.49028570979902647 0.19136390552625196 0.19240520933070088
18 0.45517395594051624 0.5366202004847381 0.18946994462612649 0.1910561180718919
18 0.7751393724727076 0.6232066270703723 0.1152970876205661 0.20530774674037197
18 0.1662914793975829 0.6303466146933174 0.11194590616458808 0.18472788625079384
18 0.3748796370737536 0.6546296622536322 0.18231290999460492 0.18330496294343818
18 0.6860866377120897 0.6812426247362051 0.15070073396805675 0.2942008991890096
18 0.5838500312641802 0.6898281296275119 0.18882344494529468 0.19040610047280174
18 0.2412467408069482 0.6945143223886093 0.1441238906831505 0.14435296305865436
18 0.4506173028869237 0.7563513216973115 0.1940865186766908 0.19680816434244647
18 0.0936447296324932 0.8070295053670927 0.1379156107620373 0.2358218066479005
18 0.5899606587914726 0.13039438137440734 0.1463552596592998 0.17380007844326975
18 0.30982666228445827 0.8428166454685164 0.14020973955171157 0.21092481445691674
18 0.3954326923076923 0.9711538461538461 0.13701923076923078 0.052884615384615384
18 0.4710240683019665 0.1678506177337032 0.1544872363600309 0.2180627192359914
18 0.33750017969519475 0.2222564669130145 0.1683279928240774 0.24308230198702632
18 0.6606532661933137 0.2667755858063411 0.18559094654113506 0.18715601247735064