22 0.2698596840824977 0.1330910013235718 0.23271100190426475 0.12751303255956026
22 0.6052188095096959 0.21410073305672958 0.23279766578214173 0.2218325274704385
22 0.10182305242124633 0.22063639494469867 0.18711922251145754 0.1699015984340335
22 0.8382863195739977 0.2728613033765704 0.2748412649335596 0.2629286673547672
22 0.31855366774070437 0.2879083229777046 0.23406959290650475 0.22304144313126897
22 0.5842131089768091 0.3488839396858918 0.21873646336670932 0.20733253212438016
22 0.10633775269350364 0.3600804496194978 0.15896774279209522 0.13008779634156295
22 0.9350961538461539 0.3954326923076923 0.125 0.15144230769230768
22 0.8142811776964105 0.4593621652329618 0.25900681357885486 0.1973539338233856
22 0.2314066351657131 0.48439517639657276 0.29586418608449855 0.15972061587729905
22 0.5348394286594025 0.5126881147588928 0.3588660686870227 0.14807199205516047
22 0.9230769230769231 0.7355769230769231 0.14903846153846154 0.14903846153846154