1 0.8274284767497802 0.40600184338865464 0.32285365120686976 0.44701628066371274
28 0.3939044992091718 0.5035798030463539 0.03427567936294032 0.04582014592192142
28 0.36854656127851637 0.5377733650501568 0.03802015356283306 0.03955296142324522
28 0.4173211275385391 0.549007500483246 0.04115103122859655 0.04160112634177315
28 0.3467103459296596 0.5734631864946548 0.03782679027355666 0.05387792622506474
11 0.5574083409784156 0.6027501506051766 0.3529566664333195 0.35625870036206153
28 0.40023382783973926 0.6032167286878769 0.04318078579955763 0.06208287471009422
28 0.3133844496967306 0.6178853834632214 0.03814622353628886 0.04135584603862977
28 0.3733377802362785 0.6421198708781147 0.05332572030010086 0.05335049918602572
28 0.28769032517019294 0.6568866377747168 0.0427185292302196 0.055472297787017164
28 0.33534701500226316 0.6668207380096255 0.05666671458829082 0.05840347179686107
28 0.2982219862492887 0.6964274095700858 0.048265888045496814 0.04935228147022686