21 0.3610832598099523 0.22582583189701774 0.16162492020798316 0.1607462157367053
21 0.5638977487968677 0.2919645478276473 0.1461089278680167 0.14531457902598163
21 0.8220379814811068 0.31364034658708806 0.15455896186120227 0.15427434378275182
21 0.48384221544201833 0.2960328536109746 0.07712528998026627 0.11060191308503829
21 0.72316977816033 0.3586833536261057 0.15386692403799992 0.15303039738134344
21 0.42223362750585675 0.3436813067680798 0.10856640823739425 0.10742049543660438
21 0.9458705017464928 0.4334624010507734 0.06134574417786217 0.12324737538406574
21 0.2608654241850798 0.384353888060628 0.15705388429978923 0.155644360157616
21 0.648466975413341 0.43562346386555273 0.1484500142083379 0.1998760090525257
21 0.788636593989637 0.45146653717972424 0.16744341733547058 0.16653307950322663
21 0.5608355984579899 0.44399518206274896 0.13114835892414142 0.12932400410128167
21 0.891746681126092 0.47800936487093265 0.16069622598528246 0.16426793831850398
21 0.9366538656123804 0.5391475851710334 0.05630965145417942 0.08045303617984072
21 0.19590494508880194 0.4921825417128576 0.1299919739895888 0.12984091899077257
21 0.8194010274484539 0.1092546468525296 0.07990240696072212 0.107807222015157
21 0.723311809754396 0.5641028831396462 0.10694638589562927 0.14915161653302972
21 0.8168796571849145 0.5730623679131964 0.11342860437510346 0.10058716689543346
21 0.6468799770056086 0.5841323755188557 0.12645934966826752 0.1463316554718133
21 0.5215156718666456 0.5801992163336093 0.15830134551908268 0.15632936834504804
21 0.37065568463336823 0.5938158933997207 0.19196486706471344 0.19036554275674433
21 0.9112204940936045 0.12534162343864777 0.1048971694889617 0.12210834730226061
21 0.23521919404703995 0.6749671327291009 0.20946589658954606 0.20832709559476997
21 0.5703735799390969 0.7008199939457348 0.15451342371883187 0.15367338224429042
21 0.29489440981179893 0.7963443301819617 0.2151477792899223 0.2123110747459068
21 0.15523254737680872 0.9013659377518622 0.18808586897972188 0.1865076335790635
21 0.41466346153846156 0.9555288461538461 0.12259615384615384 0.08413461538461539
21 0.22235576923076922 0.9435096153846154 0.14182692307692307 0.10817307692307693
21 0.6609831279899677 0.14288378298148052 0.13447193361304188 0.1337408514929388
21 0.7738728209359962 0.15198609106163674 0.12836298596017753 0.17934251676271273
21 0.4896725170737053 0.13936262036612176 0.15903892148465543 0.158174276284918