21 0.5096750353076412 0.9221483591440524 0.11941686597261353 0.11437287400021691
21 0.9771634615384616 0.9290865384615384 0.040865384615384616 0.0985576923076923
21 0.09934804670045058 0.11977271478537939 0.10254224724705499 0.23954542957075878
21 0.5966379649417534 0.12912207105798698 0.18991544489956277 0.1840573495242318
21 0.030090979829643337 0.23283740259753427 0.05307244034971444 0.3143732717280084
21 0.4997926477687199 0.24508803322012457 0.22136303349775233 0.21462991758096908
21 0.9350961538461539 0.2692307692307692 0.125 0.21153846153846154
21 0.4033128605948895 0.39472882118145475 0.22642263790696487 0.22012249000850864
21 0.8918269230769231 0.41947115384615385 0.21153846153846154 0.22355769230769232
21 0.1957488340647956 0.04469920017615021 0.08427953744314805 0.08193448239205597
21 0.3082029378989957 0.5479543987282078 0.10060603931885427 0.34222425730461453
21 0.8049626986674295 0.5729646309993307 0.10446372065114372 0.34769585008680765
21 0.6929267913720895 0.05900780539998126 0.06911886174144591 0.11801561079996252
21 0.21418297734601596 0.6987551504757682 0.2257656959014988 0.2189100771089123
21 0.7073369688836806 0.7238283216829304 0.22759657075038575 0.21954250811539347
21 0.11485150028230331 0.8388225131124067 0.10380512168200395 0.3206630706787118
21 0.6107715540456696 0.8458038992296835 0.09991779315253838 0.28877014984955723