28 0.829669088125412 0.19095344986407017 0.15498336160073806 0.15212065620098342
28 0.24350856730293385 0.18109846214724834 0.04291000808880737 0.051652344286045974
28 0.1874591135228633 0.18786822136935138 0.03677441246553082 0.04907363618365112
28 0.5875684070899447 0.21991174706068226 0.1255311354064805 0.17406539872492313
28 0.5125980238661156 0.25493312950387337 0.08202527658885377 0.09959400217219351
28 0.19674421511266876 0.25054308331790015 0.054992228977368725 0.05320399126006667
28 0.663704937723202 0.3445362995100019 0.12221648792716214 0.14516678629420468
28 0.5297194543011232 0.35263862263174006 0.10309042549467297 0.1008069805305758
28 0.822459210067499 0.46556433146467924 0.15106264177331605 0.14600612364723878
28 0.7123862079452206 0.4719622562267664 0.1160757814942435 0.16538964426363842
28 0.9277194090724431 0.48182808321558174 0.13215193394884175 0.12865461472466938
28 0.6423392756484608 0.5551305065263 0.09118950874964026 0.13706345189506747
28 0.6076367011081888 0.7173330389582873 0.13597816859726783 0.13296626266302963
28 0.5783616280483961 0.09003410997357043 0.11232275858443194 0.11667678725854407
28 0.7245330793567379 0.7495365422165777 0.15880959624916413 0.15643230413934361
28 0.6429027363164195 0.863570096229304 0.1498922137560582 0.14657211279599053
28 0.9026442307692307 0.9302884615384616 0.14182692307692307 0.1346153846153846
28 0.5985576923076923 0.9519230769230769 0.11538461538461539 0.09134615384615384