4 0.6435656314814104 0.04940215545581603 0.1000033317422429 0.09880431091163205
4 0.8158558703908272 0.8482339000198748 0.14361341620452187 0.18895351871965277
4 0.5190664980550079 0.894979767952976 0.13951533244195274 0.13955913847005738
4 0.35211115129670917 0.9080897736462497 0.18197450340329185 0.15066839557600092
4 0.9290865384615384 0.8737980769230769 0.13701923076923078 0.1466346153846154
27 0.48284382197574505 0.07894168915935434 0.18116610055907417 0.1578833783187087
4 0.6979650334024949 0.12886587577022282 0.11072350209912958 0.11314819259164637
4 0.8122037061771917 0.1227506394496955 0.10629284946188076 0.10807092072720587
4 0.5658654558749655 0.13974222227901154 0.14301079770238664 0.1631506839310564
4 0.9421233594188931 0.11683603070959807 0.10249114859659568 0.10363312176647667
4 0.4666689590877428 0.20999107744839024 0.1321078623458984 0.1348902713178298
4 0.8551436819990907 0.21643975822755837 0.18051901126117487 0.11941839557600066
4 0.9615384615384616 0.23798076923076922 0.07211538461538461 0.11057692307692307
27 0.47687710949769613 0.2997501945651236 0.08553744098707565 0.08696831490473372
27 0.5659313781240128 0.29645435866200837 0.15689055051768036 0.1910026918320701
4 0.741859991090818 0.29482442462446923 0.1081830187051196 0.16151798628503305
27 0.3690728765011699 0.39224984696311355 0.16038270185076683 0.1630655904463758
4 0.9483173076923077 0.359375 0.0985576923076923 0.13701923076923078
4 0.6437271231766809 0.3879098182553864 0.1087954899148217 0.12321049328449359
4 0.5240386396874138 0.40642939899764186 0.0893391418523606 0.091406113865463
4 0.43618960806536783 0.4614849499389489 0.1521585440921259 0.06367586840872345
27 0.735524256537266 0.028927837608611454 0.13508302284103024 0.05785567521722291
27 0.13037098905403724 0.49554882313939264 0.1452598690901335 0.1471172792188436
4 0.4583313615803713 0.5227525862509572 0.15154938680977145 0.1535120082559562
27 0.7842204568275387 0.505485195516368 0.14717637160320096 0.17540098289178566
4 0.8985710905362444 0.5017738053496869 0.16661623910340004 0.16825839640656534
4 0.5800911223488051 0.5487041593548555 0.08857355284023317 0.13929048011613732
27 0.32665329451904945 0.5685617247210147 0.19300422329237718 0.19451529682397756
27 0.11852632754051516 0.6035982952125392 0.18368190764692932 0.1873270494221545
4 0.2507411799294012 0.6469625326262878 0.12398746977737361 0.12777904664650638
4 0.35612186135694807 0.6836078085725636 0.10380503260752781 0.10611399065082211
27 0.36163428039321804 0.776078862765141 0.17704334049035012 0.18630246286594598
4 0.793470133294768 0.0374075975505428 0.08256062352827015 0.0748151951010856
4 0.6884190631124576 0.778042241261321 0.11419097712606129 0.13613877651418377