28 0.513845021215467 0.22444110885417412 0.2228445874187726 0.260338577726356
28 0.6821620862011989 0.2769463265410867 0.14368147100893908 0.23934904261429596
28 0.4242418512093385 0.3646093080221936 0.2028508565277844 0.2120518953128738
28 0.9032845730559997 0.41897759178761407 0.19207155505738335 0.7071344856410096
28 0.706055022535359 0.49076169519806795 0.1707882541057321 0.2641892593401319
28 0.547029341921497 0.5329172403585632 0.2318829276039461 0.24123545723505138
28 0.3116180320569958 0.5921715180419274 0.24801502725473765 0.2598473335520663
28 0.6658653846153846 0.8040865384615384 0.4182692307692308 0.3870192307692308
28 0.10764646852263267 0.8406562451353664 0.21529293704526534 0.2870817210399635
28 0.4098557692307692 0.9014423076923077 0.13701923076923078 0.19230769230769232
28 0.2620192307692308 0.9014423076923077 0.20673076923076922 0.19230769230769232