2 0.13379556117440258 0.30117493616638646 0.14903855061293766 0.22987027242602248
2 0.8031284208167191 0.37464988894380286 0.12387882277071217 0.1782600153236398
2 0.7183253537553971 0.4053520118270815 0.06802889959853185 0.13630100558722746
2 0.5708806785628902 0.40256309034242616 0.14405794601321056 0.14864938844897407
2 0.19409261754609358 0.3871862907799727 0.18745561827871204 0.19325786642637743
2 0.4614233648260572 0.4182225336847353 0.21447255423965286 0.22045639116368895
2 0.3875758996608805 0.4269988809538834 0.12046078943056589 0.2720189810112862
2 0.3783291808230943 0.07417995404694347 0.08991211315731981 0.09184849282050478
2 0.1705644299164155 0.06202952601755643 0.0959365521405233 0.10547948994799218
2 0.5352511245761006 0.5375965742226525 0.10557992698941021 0.10680906176438001
2 0.24947333460343082 0.5219300338389604 0.16918802665825985 0.17390841414378977
2 0.8745293150704353 0.5704916249810931 0.1906958575102783 0.1599683254114943
2 0.7489693322514379 0.11184683436249068 0.11813097219518362 0.11913809384255711
2 0.1014425214710504 0.5322711899157182 0.12122637844269338 0.22416974864621508
2 0.7350535716077016 0.6102253926124492 0.1508084741037987 0.15215511570735613
2 0.6293139880356468 0.628561910962827 0.206897142742585 0.21209743345524418
2 0.499591923392135 0.6462788266953119 0.1418236982240515 0.17782327497936706
2 0.05464965705893111 0.06761820332077695 0.10755075300580832 0.11055144542226042
2 0.8539844836797817 0.12938585575032382 0.13453969873324675 0.13714900862111043
2 0.26136089902351933 0.6485873383395874 0.2121641884575539 0.1837521991751647
2 0.8439313752593561 0.7106971063079748 0.1541113216570644 0.22306857724581766
2 0.7353960822644237 0.7204380105504092 0.18616972450128236 0.19136390552625215
2 0.37222435229016015 0.7659770513967767 0.21132779537983384 0.21722389275952927
2 0.1140348126197166 0.7512033424851997 0.11000404084643993 0.2275112547104083
2 0.6054830568774177 0.8111990051209794 0.1680717312455173 0.20137049234353882
2 0.18078601418471146 0.7957849233996638 0.22204796573672056 0.2288153488721337
2 0.07792445377236737 0.7987696706042637 0.08777665966725581 0.13600087967006594
2 0.8834134615384616 0.8665865384615384 0.2283653846153846 0.2620192307692308
2 0.6109457670034737 0.13133006225563623 0.10707988992729142 0.17758590887573036
2 0.2538004001995157 0.8719808094530911 0.20435334542122766 0.2089104731934549
2 0.7764423076923077 0.9170673076923077 0.19230769230769232 0.16105769230769232
2 0.5564903846153846 0.9134615384615384 0.18990384615384615 0.16826923076923078
2 0.6437895533494284 0.14220258348209905 0.12411756823731836 0.19624332333511563
2 0.4755203225801976 0.12945190361838876 0.14588882086209737 0.14938696441454674
2 0.3329326923076923 0.9254807692307693 0.1658653846153846 0.14423076923076922
2 0.2833838856008664 0.1699860070288427 0.10627314404674743 0.23740883386766184
2 0.8549131322763774 0.22646839612687067 0.09589705223578066 0.14320345244395788
2 0.3941024168089745 0.20712010278640822 0.14720270487302947 0.15188188685313367
2 0.7572511274407573 0.23823091000889532 0.11102651285110891 0.2623214857988073
2 0.6829294852697161 0.26254118099330265 0.09658041658555142 0.3378784184507723
2 0.5724381898569735 0.2817153172816402 0.14903357972191628 0.15261946281870648