18 0.5811401128423962 0.6034754971617767 0.3859513935989446 0.259504115647071
18 0.8737980769230769 0.6382211538461539 0.24759615384615385 0.2620192307692308
18 0.3287870088608834 0.09485596536930531 0.2152663254140745 0.17168927335435213
18 0.17623890655208097 0.6768214358581797 0.25847411212871757 0.20938761517936136
18 0.40803821541147234 0.7281939199173599 0.2087047053685847 0.2013700406839998
18 0.875 0.7884615384615384 0.24519230769230768 0.2692307692307692
18 0.6025311340355729 0.10241640777878322 0.31083149884037664 0.16839570388939162
18 0.6016947014288494 0.8259292156174605 0.3103162614292134 0.20610935697509694
18 0.26802884615384615 0.8665865384615384 0.2956730769230769 0.2620192307692308
18 0.8810096153846154 0.9170673076923077 0.23317307692307693 0.16105769230769232
18 0.578125 0.9350961538461539 0.19951923076923078 0.125
18 0.8581730769230769 0.15264423076923078 0.27884615384615385 0.18509615384615385
18 0.1301751664387208 0.14186771740249599 0.25176552226742477 0.17856716557422272
18 0.3873619289123412 0.22542071909836353 0.2783549981416185 0.18144749166366625
18 0.6739591387039076 0.27303641994596073 0.3095681317088659 0.20428198505348363
18 0.12345359348522031 0.3236784820705736 0.2093056669070463 0.20139452799022847
18 0.48753797530557247 0.39601419888759143 0.23255913229240777 0.22210780178368925
18 0.7699161655169902 0.45064553974689814 0.22475892110332515 0.21460241564740748
18 0.24187928789664725 0.4830363248898863 0.35136558147619523 0.21736539110779857