22 0.5094903461209375 0.24989177186205574 0.0554317266333204 0.056842382948117894
22 0.7135670140600141 0.27860117367501896 0.09251189094568182 0.09314290324637521
22 0.4829953718889729 0.2991971503938516 0.07673211617958255 0.07630475905219843
22 0.5493547101849362 0.33309177946654167 0.0892831613853561 0.0882127744075398
22 0.7062501425191617 0.37907296601198515 0.06187601911905761 0.07929834562725227
22 0.520735792134148 0.38830882415803847 0.08553744098707565 0.08506104287786045
22 0.6921959095226355 0.46367488528666523 0.0784658536930484 0.08777200289542474
22 0.6061612721872146 0.47096602088205286 0.07413399535489436 0.09779245059944203
22 0.3905988448791238 0.4789775137166755 0.07041460822644242 0.0694493090668353
22 0.7459498791094946 0.5102519474684797 0.041344532512270535 0.06346622606016958
22 0.5789681990813674 0.5310397324936992 0.08802525784142864 0.08696187671815964
22 0.43261679995912217 0.5826591882413109 0.06161094038262313 0.0864853967825622
22 0.6542777842433565 0.654072567708526 0.0691287144490125 0.0675974498389936
22 0.9723557692307693 0.6694711538461539 0.05048076923076923 0.07932692307692307
22 0.7905429356717003 0.6692220835315769 0.06574686708626132 0.07225821830931413
22 0.643720673470938 0.7880023077495093 0.09135278170084914 0.10689155671230484
22 0.2965888261081868 0.7786563370570639 0.09754350512139218 0.09814649400389623
22 0.7683024769320781 0.8098736159095264 0.09185494894021563 0.09191649286322345
22 0.4225964745142679 0.8053843121372305 0.09353270598667726 0.10218181362952695
22 0.6572412569182954 0.22832039303752077 0.06915670468251497 0.068198411377455