18 0.4650372910453036 0.3147896434640118 0.17202052520430136 0.21829695805755847
18 0.6597488295068421 0.30685575624594147 0.10542051814953214 0.15735905975409908
18 0.22187699504682618 0.37872007902945237 0.17987905287547037 0.24082638265537876
18 0.7518330166275652 0.40154445416951307 0.19395240590144988 0.2293948472356347
18 0.571509582699394 0.4100925691150198 0.20597806758407616 0.20947638835874322
18 0.3750715353152861 0.43610427709939353 0.20398745919335148 0.24420972105836933
18 0.2098392668053415 0.5448793113195803 0.24554123632147196 0.2489041528804514
18 0.4670636670936714 0.5752151542566618 0.1894926309455228 0.3030437560978892
18 0.6136062271359489 0.613662430770577 0.19848675000485974 0.1995671560686153
18 0.7563902665618267 0.6162479134266288 0.20159647486629678 0.20329536183052757
18 0.3414120535159775 0.6439614624166788 0.20407026579956236 0.20579715720928823
18 0.23232044572432003 0.7624539206206069 0.2250625163426107 0.22586049485183024
18 0.7190992918781661 0.742619202575431 0.22447904099900412 0.22643696908406297
18 0.3599248774802978 0.8328858163213806 0.18934992356395244 0.19499311570595523
18 0.5558383390187593 0.824902954490853 0.2270466938199398 0.21153536715366775