12 0.3030905785751589 0.2358891168711533 0.2043464713142959 0.21229497495124608
12 0.8555819208148645 0.3452428659472918 0.283277565841488 0.2915834863339026
12 0.13840667379812902 0.31240846596111094 0.24601283964723075 0.31105507619829026
12 0.7699150993277469 0.3999614223163803 0.249403254269985 0.2844324255421648
12 0.5557735996581633 0.4231008941497141 0.35415953232028446 0.297186648771438
12 0.32960775840970685 0.46792020336431567 0.2517177260544774 0.2601084663962246
12 0.8427352572786776 0.6480076160378901 0.2548485139854462 0.26277519915922315
12 0.7173419841337678 0.6980541460892437 0.2406305700511002 0.33391422565815476
12 0.1696430017728283 0.6573151670413816 0.2510852694563506 0.2594549275359326
12 0.4036928295568912 0.7172734748064096 0.3005981882537717 0.34813380359629587
12 0.7788461538461539 0.8762019230769231 0.2980769230769231 0.24278846153846154
12 0.27283653846153844 0.8725961538461539 0.27163461538461536 0.25
12 0.5396634615384616 0.8942307692307693 0.2764423076923077 0.20673076923076922
12 0.6445201657792118 0.1760294234762808 0.22385814067723167 0.2307517950049141
12 0.47377898792716205 0.18262692481737802 0.3116827888523279 0.28569373624330424