22 0.50547780335764 0.22086075487354534 0.05564280980362254 0.05442966096366565
22 0.7091973339827059 0.2377478871176934 0.09094678918722274 0.09108527316373073
22 0.4781004898792959 0.2718450355926285 0.06728196865410943 0.08286367007947562
22 0.5439136181655957 0.3019621347439221 0.08780209193607619 0.0862251317426724
22 0.7001157839490946 0.33891922203269603 0.06986710766990001 0.06849304226976471
22 0.5143073204819542 0.3589979901383135 0.0841088917310325 0.08315738511432559
22 0.684569977464641 0.4245704551744307 0.08165258699262168 0.08131254120824795
22 0.5983462674335672 0.43689829733168034 0.07247435724860907 0.09616874250701511
22 0.38248972704334994 0.45750155657095815 0.06924865993658372 0.06788159090863005
22 0.7375466481915942 0.4681394842706887 0.0519321234037241 0.050760952796857155
22 0.5700817823856877 0.49872086538841764 0.08656519646944333 0.08500222902040296
22 0.4227219955532945 0.5590146491036809 0.07297683253133705 0.07215126061390009
22 0.6432905598182017 0.6176963536506332 0.06799427827509583 0.06605772664789893
22 0.96875 0.6129807692307693 0.057692307692307696 0.08173076923076923
22 0.7793876466281875 0.6249410383418729 0.06802925066480561 0.06725964972482221
22 0.6303805443887711 0.7526054533008678 0.09771474186399368 0.09660931505928971
22 0.28316466471684093 0.763476263113674 0.06788755456063456 0.12431952641064853
22 0.7546682347677847 0.76727147290711 0.09031085525905141 0.08987286026413453
22 0.40879416773161653 0.7829289953822621 0.09181004364850764 0.1001101860633272
22 0.6537118999327772 0.19061504808135907 0.06217701103388425 0.07256340534424383