5 0.6903733927119121 0.28966346153846156 0.11814066226282066 0.14423076923076922
5 0.8845534048408117 0.3125 0.10951688522879266 0.109375
4 0.31145889277056593 0.3545673076923077 0.1766996946599093 0.15564903846153846
5 0.08527355374791636 0.3641826923076923 0.13347192402636227 0.13161057692307693
5 0.9389456591957797 0.4026442307692308 0.10129924918130338 0.11778846153846154
5 0.7116702973767625 0.4074519230769231 0.08915362812692305 0.08653846153846154
5 0.21602938362318336 0.47836538461538464 0.1043325344132747 0.14483173076923078
5 0.10131516498285215 0.5012019230769231 0.12463984137486663 0.16526442307692307
5 0.044930335370298904 0.6310096153846154 0.08986067074059781 0.12740384615384615
4 0.7145446950277239 0.6454326923076923 0.19918805215328542 0.21814903846153846
4 0.9420977976700313 0.7319711538461539 0.08179073912724387 0.2091346153846154
4 0.6677087244274038 0.07572115384615384 0.1463438919653045 0.1424278846153846
4 0.4534586909635683 0.0889423076923077 0.15618357961132495 0.1778846153846154
4 0.23090709624182684 0.09735576923076923 0.16356246602417218 0.15925480769230768
4 0.05335918663792732 0.12740384615384615 0.10671837327585464 0.12980769230769232
5 0.1259751076986644 0.16466346153846154 0.07461865092329066 0.08173076923076923
5 0.2980169531804485 0.2091346153846154 0.12904239763506958 0.1736778846153846