6 0.8144511070172167 0.08340572094180111 0.10638204701477277 0.10761791700214186
6 0.6336950099889566 0.1318108125202313 0.16630428040597778 0.16856877962845876
6 0.6061678440308127 0.010939847607296826 0.1076110330292195 0.021879695214593653
6 0.7194423282964316 0.02795325157668556 0.09753850274670949 0.05590650315337112
6 0.8350157604891648 0.03692378780548736 0.11714690559371431 0.07384757561097471
6 0.9492613917328965 0.038388981021738405 0.10044586038886977 0.07677796204347681
13 0.5009434602860398 0.5188911121128308 0.8468201645198867 0.4806186263284133
6 0.5001407742252475 0.0633532408597343 0.1338763786204897 0.1267064817194686
6 0.664909133990441 0.06388742110998627 0.2318016399217009 0.12777484221997254
6 0.8954326923076923 0.8473557692307693 0.20432692307692307 0.23798076923076922
6 0.7197679420518848 0.8600197464877836 0.2091478349761027 0.214508956229674