12 0.7391826923076923 0.921875 0.2091346153846154 0.15144230769230768
12 0.8665865384615384 0.9375 0.22355769230769232 0.1201923076923077
12 0.8348019526490413 0.15149982266386713 0.165397174528852 0.25923169960597625
12 0.4118458990011373 0.16439495371170837 0.22167475994104258 0.22246632204536093
12 0.5517047959498862 0.19966677852833017 0.216631269786767 0.28652439993277723
12 0.7243305665722111 0.2418924732517307 0.32258436010434743 0.3160093055298336
12 0.9122596153846154 0.29086538461538464 0.17067307692307693 0.21634615384615385
12 0.32633738301415893 0.36472216253492795 0.23698225393956862 0.22831213076288664
12 0.4110235770438232 0.4463922357224046 0.35466856408457115 0.26413888944680114
12 0.875 0.4651442307692308 0.24519230769230768 0.25240384615384615
12 0.5666283434215912 0.5073241138309281 0.36748877857135215 0.359919094595299
12 0.14607102511789122 0.5430907557300174 0.24369836786273835 0.32211458934745135
12 0.4020601972639382 0.64174613902551 0.23650727263976826 0.23069849072187812
12 0.8149038461538461 0.7752403846153846 0.36538461538461536 0.3870192307692308
12 0.4987980769230769 0.8088942307692307 0.4014423076923077 0.37740384615384615