22 0.7519361188537246 0.33309655219255146 0.17022697922519087 0.23835672608532313
22 0.3056801466585408 0.4359739454273401 0.19741185658714505 0.2676539423064248
22 0.07663323280601163 0.44017049825117216 0.15326646561202326 0.23611022727157513
22 0.5233105373184507 0.46383070241884927 0.19497670627244915 0.21537028846027112
22 0.8954818667710492 0.5569357929507388 0.10314809060206187 0.10027802322609848
22 0.3693161474864166 0.5934617445027786 0.19237527152041345 0.1853012318918477
22 0.1529963269100912 0.6149467726011548 0.19494705907527307 0.1889489604133098
22 0.7462425027070506 0.6361280250945918 0.17876556833257568 0.22829772727157513
22 0.6079587405391972 0.7383665921534474 0.18242400410300164 0.17792185626753793
22 0.9313550480409902 0.8197942095338262 0.06941524463873022 0.17534880806651315
22 0.7373416084533342 0.8272337943253611 0.1908259559702229 0.21649878277848153
22 0.10241667430575106 0.8486294443047231 0.2000906341849924 0.19624441745623392
22 0.20192307692307693 0.8942307692307693 0.18269230769230768 0.20673076923076922
22 0.3737980769230769 0.9050480769230769 0.19951923076923078 0.18509615384615385
22 0.700711212064111 0.16740508803211557 0.12329434179451254 0.21051623033139008
22 0.28830998854831064 0.18907620316979537 0.19245924222092015 0.1871041165072323
22 0.5850170471472971 0.1978639448011292 0.20255046080584302 0.1974882998238498