28 0.8001196687558025 0.33456908211363867 0.29034387029940345 0.33675185654871054
28 0.15969046773244572 0.3065991412892504 0.30275469902192087 0.37124616919226244
28 0.9038461538461539 0.5576923076923077 0.1875 0.24519230769230768
28 0.3868136564779689 0.5254408646467461 0.26081941285559285 0.2764414677426478
28 0.650804020589507 0.6099528500020692 0.3483648405596483 0.3690312880069901
28 0.07779439700335294 0.5963049061354172 0.14504404158300496 0.3380004812540415
28 0.19218266360230712 0.10591149410939682 0.240134557973845 0.2017373903423258
28 0.8506127394971325 0.13273828851449743 0.2594628056602789 0.1598549292811094
28 0.8257211538461539 0.8581730769230769 0.3389423076923077 0.27884615384615385
28 0.1466346153846154 0.84375 0.27403846153846156 0.3076923076923077
28 0.4831730769230769 0.8545673076923077 0.3125 0.2860576923076923
28 0.3473557692307692 0.90625 0.3245192307692308 0.18269230769230768
28 0.5245576143930754 0.28767816873014845 0.368615719531886 0.3548350810394897