24 0.20035506827770563 0.5635596718315825 0.3815112746053222 0.3727096494620676
24 0.75297032165255 0.7322088777731957 0.40997707041128134 0.4210197324345851
24 0.40262203354039056 0.719049238429728 0.5029421734412226 0.4168646635195114
24 0.48670551002050677 0.10322089021958317 0.2076624376505481 0.14068739454937174
24 0.6707472065207478 0.20088999530098622 0.20610463497222398 0.20220141074999085
24 0.20913521048286407 0.18970344513151075 0.22695425420373924 0.22315320627825977
24 0.8272427843730156 0.2957470842143489 0.29185839790670964 0.13901210297080657
24 0.41358502166896244 0.274069538048875 0.26910728602334516 0.26328891474313293
24 0.6267182515015423 0.40000105605602276 0.35311921166486826 0.28134034786263873
24 0.12546030969843974 0.3721631537158391 0.2509206193968795 0.28049493294575273
24 0.8708315242261021 0.48667728253890324 0.19897891982102542 0.21015984598009313