14 0.12346956703571983 0.22252748708444384 0.24087514034989138 0.3669089881295297
14 0.4194112572556386 0.33957193982244804 0.7447415661857573 0.3539301948074453
14 0.5915719038688505 0.38395154138294857 0.5240746866261445 0.5074882374614028
14 0.7788461538461539 0.48677884615384615 0.4375 0.59375
14 0.480767550869911 0.5311546691249359 0.9038244422258613 0.24558162144128298
14 0.17809445202382182 0.09494431494870183 0.24561198097072057 0.18602719865552772
14 0.2855846792144095 0.7233707581975751 0.3787180842756776 0.36632712333572076
14 0.8088942307692307 0.7235576923076923 0.37740384615384615 0.5480769230769231
14 0.6177884615384616 0.8197115384615384 0.32211538461538464 0.3557692307692308
14 0.15625 0.8786057692307693 0.20673076923076922 0.23798076923076922
14 0.3317307692307692 0.9423076923076923 0.3076923076923077 0.11057692307692307
14 0.3633163958602116 0.18893853929277687 0.3105616888033147 0.30040068008684745