24 0.4645462164593684 0.39396871270957273 0.2964706795034958 0.14082576001458152
24 0.7325059764725845 0.5099828380118075 0.2243281656710476 0.2366604528889154
24 0.9230769230769231 0.5348557692307693 0.14903846153846154 0.20432692307692307
24 0.5240007149414653 0.5494452595524675 0.2030637487452785 0.2153579057626998
24 0.3668424903295071 0.5636755331527081 0.20914329233583787 0.2217877543921679
24 0.1989656995788769 0.6888441864170891 0.3483578477390538 0.3684303264685286
24 0.7785672830876919 0.1337051049608789 0.1773268738676913 0.17092465690354874
24 0.06162564112761769 0.754899975631628 0.10659733082796932 0.4397942495303205
24 0.9170673076923077 0.8257211538461539 0.13221153846153846 0.34375
24 0.5872436380551 0.8240802843086882 0.24744441695636213 0.2622958007578177
24 0.3133450329285265 0.81693687911263 0.1842673764566762 0.35455411273020043
24 0.45278209549279225 0.8278882134701386 0.24926828003352994 0.2642247553466582
24 0.8040865384615384 0.8329326923076923 0.13221153846153846 0.3293269230769231
24 0.6730769230769231 0.828125 0.13942307692307693 0.3389423076923077
24 0.5715436574572718 0.19729003468897105 0.20066074465674638 0.31847115043117274
24 0.921875 0.2403846153846154 0.15144230769230768 0.21153846153846154
24 0.15591602874209678 0.18864258645284776 0.3104618856803478 0.311137380350441
24 0.7816013251603481 0.2912410746867725 0.23830412310873983 0.25084814319823084