13 0.7884615384615384 0.17668269230769232 0.4182692307692308 0.35336538461538464
13 0.2076352156770884 0.22348475290651873 0.3926363628787243 0.3991108058413865
28 0.5361130463128612 0.27762143844214177 0.08313147748246599 0.08450228788172677
28 0.46447409718317956 0.347504425158277 0.13670122668739554 0.11816822448040759
28 0.188092670713009 0.4087279757515171 0.12401923195473809 0.12550245268503837
28 0.4878410228724765 0.03681880512024752 0.12952819959110684 0.07363761024049505
28 0.9543269230769231 0.5108173076923077 0.08653846153846154 0.11298076923076923
28 0.34073321667092754 0.5847488575644089 0.1061525020160721 0.10790292144897425
28 0.11065719047619207 0.614403692538125 0.14922110520487294 0.12696184569298088
28 0.6788231872533154 0.030331215489387338 0.10139139182781065 0.060662430978774676
13 0.5478006750291071 0.686250706974153 0.5230503238705752 0.5311134345173268
28 0.9963942307692307 0.6899038461538461 0.002403846153846154 0.07211538461538461
28 0.1487299304739209 0.7937356104858483 0.15403594706391838 0.15545231830381676
28 0.8682948974926905 0.8231973950743758 0.11901898282079716 0.1221051965077016
28 0.11958814240281927 0.9423078906737751 0.11464298628503308 0.10979162937469876