18 0.5587452083057136 0.34499341812192835 0.19013644878580585 0.19439976272822831
18 0.4177018790281061 0.37331286955163595 0.14844767180418103 0.21570391733395844
18 0.8926084182500932 0.3464946602351115 0.14880580535207763 0.18036272066047682
18 0.09771893512633187 0.416714477056535 0.16882016838216235 0.20082585357923768
18 0.79863808604846 0.01948263996258814 0.12189110786761476 0.03896527992517628
18 0.26402509125383145 0.4169026479399147 0.20262093837338022 0.20658825926399244
18 0.9699519230769231 0.3737980769230769 0.055288461538461536 0.18509615384615385
18 0.9347982160279683 0.023569395675382913 0.1147887397482443 0.047138791350765825
18 0.8330203626195769 0.4515384034131223 0.18573381956674623 0.18932249086378788
18 0.708020362619577 0.45954876738506795 0.19636644992647861 0.20019353022687952
18 0.5559372948218833 0.5126769076582318 0.1914118337814147 0.19627967007411243
18 0.37738947709737414 0.5373744483488079 0.21270158180710844 0.2186227103387574
18 0.0770066570915194 0.5590339771275235 0.11583760377263251 0.19503300728341452
18 0.18939564082935975 0.5964190397677254 0.18138016496014367 0.1854471420762704
18 0.9615384615384616 0.5588942307692307 0.07211538461538461 0.24278846153846154
18 0.6013982198302114 0.05284356048215282 0.14991182427580726 0.10568712096430564
18 0.8783383468251268 0.6173429068063698 0.17895896247388057 0.2584178474813305
18 0.6243632229292074 0.6541044179799513 0.17185863942623142 0.24597499169435258
18 0.49823271669924896 0.6935188274128959 0.1412871530268209 0.18707361137376866
18 0.7582888728267486 0.6876992253173165 0.18883657648396834 0.19191889384388258
18 0.10767913354621372 0.7498782375557258 0.16129029493965194 0.19255121719624066
18 0.3467863188634991 0.7622719676860599 0.18354626902551535 0.2533172845571748
18 0.21226888347302897 0.7733023596558475 0.14559183302096612 0.18974703708436308
18 0.33861783749617247 0.07190230033790465 0.1387741365308065 0.1438046006758093
18 0.46607065826247585 0.06665466622121369 0.1594649680897597 0.13330933244242738
18 0.9711538461538461 0.7668269230769231 0.052884615384615384 0.19230769230769232
18 0.19213014594892877 0.08039901295539072 0.15108721497478061 0.16079802591078143
18 0.6469160855201834 0.8526993759831883 0.195140039543327 0.19951554595791848
18 0.9146634615384616 0.8377403846153846 0.1658653846153846 0.21875
18 0.49721442164182833 0.875548371141777 0.16636734761585906 0.1994698850413156
18 0.7753483985356312 0.8697753511656282 0.1748318288384988 0.17184087457761932
18 0.10021045159206264 0.9214755872447964 0.1308769534948669 0.15224113320271498
18 0.22641237466898573 0.9133882005423513 0.1573192611871746 0.15393563327370346
18 0.3614195561840281 0.9143770393417944 0.1476681681483076 0.13773296279495748
18 0.7144504059079453 0.08112818535792293 0.19092004258512127 0.16225637071584587
18 0.08724245820392804 0.1004546623647668 0.17330952570888267 0.19332144450123562
18 0.8753836166127734 0.0776301647872466 0.14047907192127668 0.1552603295744932
18 0.9675480769230769 0.08173076923076923 0.06009615384615385 0.14423076923076922
18 0.5501481187477497 0.16358005623704322 0.13721817004942907 0.14605418129738512
18 0.2848394086570006 0.21793871779254265 0.1669948415322702 0.17073926529091107
18 0.41969966633467126 0.21532178736121654 0.1592649794964887 0.21639712190845373
18 0.9471153846153846 0.20192307692307693 0.10096153846153846 0.1778846153846154
18 0.18063736548640094 0.26317825653803517 0.1638431100025908 0.16694093923389317
18 0.8298717254746915 0.22639367437600952 0.19696741146494043 0.2002320415921293
18 0.6776682662175756 0.2469928688417508 0.18450740918359435 0.18864450659482684
18 0.08050839543663532 0.2900808582076836 0.1435818288384988 0.1698382835846328