18 0.2172516321194129 0.20420923787407447 0.13999089223183725 0.1478575143914883
18 0.5107367426342851 0.23493673479252233 0.1149528558933322 0.12286530573490004
18 0.26430055257436164 0.2588972828968666 0.10258746097588567 0.10198202852905965
18 0.13384249126093042 0.3075135997968663 0.08561368038153765 0.09209640197934459
18 0.17451905906819734 0.3147556496047012 0.08864995754186496 0.09416217320388152
18 0.3210907355167735 0.30553255230883253 0.1345088096269709 0.1431775877257832
18 0.4060706200074229 0.31849926491659625 0.08560319055886449 0.09149544044088305
18 0.19687306568676824 0.34040194214437364 0.10088947458723313 0.10783391194818351
18 0.5510627397628405 0.3310159376490039 0.13558485483181543 0.13607120390790575
18 0.6806186763263758 0.3340823130566965 0.11799962287633292 0.12553203849789865
18 0.2364377122906751 0.4113459150291315 0.12419805506906598 0.1368751194085111
18 0.34216498376921306 0.4044961525408126 0.09721027659775139 0.10331171724796985
18 0.111332814063943 0.42829161335448734 0.1283942960156235 0.13664219912286305
18 0.9634752959570582 0.3549388940757853 0.05422731268678596 0.08154988124415943
18 0.703970892860583 0.44004714246289317 0.12410364666500694 0.13146646556235725
18 0.5873843543990446 0.4502471428980069 0.12532654938727653 0.13277354328294136
18 0.8116885008782161 0.5254299929666681 0.13204202453708547 0.13936150920769208
18 0.054881658970437015 0.637245340752493 0.1014244555435667 0.1384829504097221
18 0.5663134596699682 0.6261033087067674 0.1332963967273747 0.14247147154366063