2 0.432904833914586 0.20626485687361756 0.11912811719454333 0.1145876926120857
2 0.7334695217267408 0.2023294517538712 0.10133749531609208 0.1621225436485076
2 0.292486900599236 0.020646139736615332 0.11862764735231818 0.041292279473230664
2 0.08950875811666091 0.03175247528272798 0.08286367007947566 0.06350495056545596
2 0.6363864878854751 0.22078721532036133 0.14197210383266642 0.15009045105248536
2 0.04504033403932128 0.23799363105756063 0.08305993506417789 0.11293755938233153
2 0.7917912187794411 0.23670846935549525 0.11677672015406333 0.11752255552497391
2 0.3243060807924035 0.2539184981833591 0.15151710133542717 0.11192617790347985
2 0.5239302097883662 0.2541226968761552 0.11276929601562348 0.12881842139175897
2 0.18810840971504603 0.032748682750756514 0.08655335789163052 0.06549736550151303
2 0.8125954614111914 0.32629314188937 0.07656170454441763 0.15359310965945763
2 0.7466785089885399 0.3390339310157142 0.0941425299694043 0.09403902785380493
2 0.45825892981769434 0.34983115069990145 0.13834535495655068 0.14878361080643301
2 0.22278690496750334 0.36269535446762874 0.06411239104558525 0.12860396268543703
2 0.6711461719505039 0.3520544992597364 0.15632175199703097 0.14630338895977169
2 0.3057825362112349 0.3638880288084249 0.06702279033383417 0.1232827398135575
2 0.5595141833140826 0.3637203930412051 0.09404203827316812 0.15710501700255677
2 0.17877730331897068 0.39043164057919744 0.10273431849331052 0.10450018073561952
2 0.10225283965747563 0.41550641198216015 0.12841527566096994 0.13047498553490888
2 0.38902383990694606 0.44804836784662316 0.11249656062612018 0.11319342139175904
2 0.6931523376591773 0.44160419940390133 0.14186720560593413 0.14408083566787006
2 0.47100636488187225 0.46009332226943667 0.17269761269900605 0.12095165626186216
2 0.04309531031428205 0.05767019712938935 0.08567661931757692 0.09078941343352899
2 0.13098255244709156 0.0635306742190388 0.1088278524593116 0.10948273499186048
2 0.2754650774220178 0.07375706437694515 0.11006124500425432 0.11132059199695485
2 0.8474925661781045 0.8098987493157555 0.16632526005132428 0.16881874500052654
2 0.9558125006186065 0.8151646957803391 0.08144282561082232 0.15793972998752756
2 0.14398782654760384 0.11967133493732587 0.12107785932735293 0.12305361273511185
2 0.035940627496605426 0.13003038847274226 0.0689336148220395 0.09510749228528473
2 0.5684974488002607 0.1205472352159363 0.12478107860826977 0.09432986225294214
2 0.4871443131857268 0.144559973100815 0.11556430725446713 0.11688662159680259
2 0.6398934421816898 0.14612809499229154 0.10243011363578756 0.08707229612023476
2 0.37806302822057664 0.16456938364132576 0.11217137612325072 0.09456361369945128