2 0.5297117788429854 0.47184555069572887 0.140350587848815 0.12440785152253
2 0.2057170392074149 0.4962291233752737 0.09830121815576504 0.15911980488196312
2 0.10975200986168651 0.5053680594398681 0.15834492288855284 0.15716397945697616
2 0.8369784103361873 0.5216665141052187 0.1602002566173035 0.1602002566173035
2 0.36662179070550494 0.5591155700525007 0.12900574737675818 0.12841527566096986
2 0.5543525668043154 0.5756095485726954 0.15869717032894598 0.10850707448693807
2 0.8971523994715495 0.5960118244195006 0.1143204248868513 0.11313948145527447
2 0.4405265284675123 0.5940491745724782 0.11163335352082845 0.09687156062612018
2 0.7410492569889743 0.6016979320629282 0.16986368381555814 0.09428330419465193
2 0.1749854470488979 0.5942203652586128 0.150475567244691 0.08493320679218627
2 0.8456192944500962 0.8101909915027965 0.1571220201662834 0.15594107673470659
2 0.7871026972971009 0.8307976042654374 0.15593058691203346 0.15652105862782187
2 0.5095633647546022 0.8319609215750308 0.1384607430059561 0.1538130076164525
2 0.22603539647283455 0.8342212637348153 0.15532962537357192 0.15651056880514874
2 0.12106339222676757 0.8780481318674076 0.1394004205160489 0.13880994880026057
2 0.45281303508861803 0.1965483104364824 0.1669262215897857 0.1669262215897857
2 0.5514126866870032 0.20067248750873465 0.10367536088781047 0.19165564654027184
2 0.8135368156829659 0.21125566557886857 0.1443130110504733 0.14490348276626167
2 0.16342230893965984 0.2071172159079963 0.08826015734127471 0.20340214191999914