5 0.026442307692307692 0.15458652472545578 0.052884615384615384 0.07123560439524229
5 0.6947115384615384 0.16575838037438728 0.07632211538461539 0.06443316901795892
5 0.49399038461538464 0.22935813499339253 0.0703125 0.07454461694507299
5 0.5673076923076923 0.24610722278110733 0.07692307692307693 0.07886673576370903
5 0.2800480769230769 0.2691502041727467 0.07872596153846154 0.07709532061634405
5 0.7524038461538461 0.3161936650900671 0.0751201923076923 0.07522949706492017
5 0.2644230769230769 0.3872114011007117 0.05889423076923077 0.06292704108351284
5 0.6165865384615384 0.5036605188603658 0.0829326923076923 0.08558221091351798
5 0.1814903846153846 0.524476304321922 0.07151442307692307 0.07276271197503476
5 0.08052884615384616 0.526238594531021 0.06911057692307693 0.07031690653049584
15 0.3641826923076923 0.5597489366908055 0.3581730769230769 0.36442501123630866
5 0.6862980769230769 0.5625398532764276 0.060697115384615384 0.05875177978230157
5 0.7247596153846154 0.6111473507791885 0.0733173076923077 0.074597066058439
15 0.546875 0.7055984921366117 0.2938701923076923 0.2983987540564292
5 0.7283653846153846 0.7228632579969954 0.0733173076923077 0.07639995067382362
5 0.3449519230769231 0.7872480725548096 0.08533653846153846 0.08802801635805715
5 0.40865384615384615 0.8197899975052957 0.0811298076923077 0.0879545875993445
5 0.4639423076923077 0.8608922415116683 0.08233173076923077 0.08376883647546024
5 0.5697115384615384 0.8602479557981068 0.08774038461538461 0.0910747833410576
5 0.6730769230769231 0.9461840909136997 0.09615384615384616 0.08100529470463623
5 0.23557692307692307 0.09925337412748719 0.0859375 0.0778221600268841
5 0.7295673076923077 0.10385189373626433 0.06790865384615384 0.06969496534668786
5 0.5144230769230769 0.11121301948404193 0.078125 0.08129156156290164