12 0.77101430599644 0.2284698697655825 0.08881373594600134 0.08781957813093108
12 0.4967309713956925 0.242453190004022 0.11072075252950092 0.22771478231508965
12 0.5963436629429363 0.24315625088888157 0.17262388113448152 0.17069157439533073
12 0.6875428929517184 0.24410411850170943 0.13501939839094435 0.19060611177077244
12 0.3357263438438996 0.3047618531380173 0.0870720428189761 0.2660428621311848
12 0.516045427903753 0.38715146212780943 0.07932382869212927 0.22319973095186676
12 0.746667734835612 0.3840425325343058 0.15080663348901224 0.15084878834464086
12 0.63069542410151 0.40182295886951913 0.15015669733809334 0.1496293790728629
12 0.8099554187783699 0.4218174850284405 0.1888855510964254 0.18677121546155762
12 0.43422079959151144 0.4507577167717302 0.07469876864529099 0.24227312442894225
12 0.6699752690271981 0.5279328266041043 0.11635797241859655 0.11563223993531498
12 0.4877012906124978 0.5524444266810465 0.10350716899624146 0.2569170909717368
12 0.5585923099164518 0.5803941602215382 0.054573190201316936 0.2344845415371928
12 0.622294232993375 0.5785406235669212 0.09085331333678784 0.21153022407973354
12 0.169369221586646 0.6457418081696177 0.10235831067521771 0.19925975566913878
12 0.2609867808730357 0.665885472623505 0.0962568812808511 0.10844461858202699
12 0.7422233155323311 0.6698903905037396 0.1490394572971097 0.16640384356522128
12 0.07360023674388375 0.7183910273667755 0.1472004734877675 0.1620158199340461
12 0.635082795614298 0.7066218069520441 0.12725996314684396 0.13275642832477091
12 0.8902374003526331 0.7496184847849258 0.09197055337777126 0.19475575958737515
12 0.1741136773342579 0.7944655182006913 0.16076484039159736 0.15954202900078066
12 0.27718521427489917 0.798669431147191 0.13683759426702508 0.1468408366322094
12 0.7456678989781055 0.8210529190783691 0.14075047736151255 0.1397517015346549
12 0.41207609447396176 0.8763783755613385 0.1488323377300273 0.14658959899084542
12 0.44520946487299506 0.09268955701778252 0.12821701316148085 0.12678178532986525
12 0.6676182988596637 0.14384202783436606 0.1150336128105305 0.11259245985329744