14 0.10745453520567802 0.2193793325516658 0.21490907041135604 0.360630168811378
14 0.38715709777327184 0.32802870653559524 0.5411067942621541 0.5276986785364097
14 0.5555091351487136 0.3674761993280769 0.34768099676114844 0.6533547793909811
14 0.7594421132027024 0.4648327699139955 0.46623603305049355 0.5771344571505979
14 0.43862036337497845 0.5182122560457374 0.8772407267499569 0.21971428503029025
14 0.171875 0.0610960933449118 0.34375 0.1221921866898236
14 0.214768351199619 0.716514777215081 0.36426571492336896 0.3560256621145749
14 0.7532648620508672 0.7184455317286722 0.4613841196169645 0.4929858565981675
14 0.5364548184023596 0.8157585441008475 0.34138314879066145 0.3336607223892111
14 0.08266812401072149 0.8803531138524694 0.16533624802144298 0.23726872770493876
14 0.24014298972838025 0.9186196613197501 0.21141706945187635 0.16226041673976474
14 0.3458205971742045 0.17872452680865258 0.2987102551918289 0.2919531320905598