16 0.558354870102169 0.3924998138423322 0.506209250091403 0.47329048121513095
16 0.7092521394943087 0.465461301110512 0.19252055092695605 0.7015322935794119
2 0.31557066678853735 0.6289631923651959 0.038298736675626305 0.0614938692724842
2 0.2606465103890389 0.6334492258131479 0.04825978535054292 0.0423295295888351
2 0.3880503565428851 0.6341904397073321 0.03805240488434309 0.03446108891757596
2 0.22717481680467433 0.6356572796175869 0.04197694111170523 0.038688797438528974
2 0.3222730297004933 0.6698495547323028 0.030986446537562336 0.02841301432146974
2 0.36572441303920566 0.6725051339068153 0.038744442707545554 0.035666508286452694
2 0.24562318163163877 0.6730077985929986 0.02260955745382481 0.03677403148062607
16 0.5274927842495314 0.6986755321818838 0.2361476994979053 0.3497778981995333
2 0.7068912531324311 0.8306711018974423 0.04128490328850303 0.03748337806965196
2 0.7392341685493206 0.8452759860021116 0.06079786706114076 0.03339202493489342
2 0.6834723942118622 0.8545627191738485 0.03555748244575614 0.03324518067283796