8 0.5953340227128641 0.2547883061305604 0.19899081933451157 0.27159241920805344
8 0.7763041916374226 0.41316818678478945 0.3007229176991992 0.3074709325893752
8 0.12410780460422778 0.46460691406139054 0.2153419084418965 0.26245439128119996
8 0.3912146300161734 0.4535174832751218 0.27365000127125366 0.2793726361913288
8 0.9182692307692307 0.4411057692307692 0.15865384615384615 0.24278846153846154
8 0.5859887767994115 0.545915199548512 0.25532642918379705 0.25902503736831706
8 0.40064899567010637 0.6819598906210059 0.2120127276188022 0.21670429162762353
8 0.19998382229095701 0.6960246096913417 0.26033005312600505 0.2635398590595458
8 0.4612355398609581 0.05919637866122848 0.19110088741422396 0.11839275732245697
8 0.8020649700925856 0.6815517059800644 0.22101729798815867 0.28139228989550563
8 0.6471651291553889 0.824084290328533 0.26290184068086475 0.2672996737513141
8 0.6278286705474014 0.06943941536757747 0.18834964878711039 0.13887883073515495
8 0.9122596153846154 0.06129807692307692 0.17067307692307693 0.12259615384615384
8 0.6329162651901161 0.07544903075219286 0.19852483807253998 0.15089806150438573
8 0.41276379588556045 0.8644211301218152 0.23855382961020466 0.23338431879490074
8 0.9362980769230769 0.8605769230769231 0.12259615384615384 0.16826923076923078
8 0.1233338416992552 0.16327889479512706 0.24330885537824007 0.28401913348666896
8 0.7904867770557436 0.1482525328676471 0.20681317204207844 0.2079827391671641
8 0.3184668906270013 0.18573400441548035 0.2589635025754161 0.3113857139449704