0 0.11162617409542447 0.3586632407971978 0.19587151493444535 0.2035536206364918
0 0.04299064247466096 0.35667661911629894 0.07813648861643138 0.3155904326365645
0 0.8710316983172289 0.42667971681644884 0.07116343019075225 0.33899116538685353
0 0.939205537072116 0.4418874923435015 0.07724935612987867 0.3245067435922303
0 0.2179257746821216 0.38662598881986987 0.0696123780476639 0.34605553566650593
0 0.66242745275008 0.42893708906969913 0.07889198603332002 0.33722504802118003
0 0.2870077319629194 0.4103453380066414 0.06910107950015032 0.314253630188673
0 0.4606569969360249 0.4426004417428011 0.1784989548342138 0.1865550509388892
0 0.3700930453796337 0.4472612634177317 0.11389846160370627 0.2585848106100167
0 0.5587949684565567 0.46266486645513333 0.19224475966431817 0.20265832273425816
0 0.7472870311398997 0.4840780848771503 0.09416402742834425 0.24259193974682253
0 0.12079135446136399 0.06169012867594047 0.08831655605037751 0.09230249907080924
0 0.05468558523059476 0.056293962006787046 0.05889806030804124 0.10787854219322203
0 0.9379311584541922 0.1332140634386205 0.08462684266217615 0.08960431655319107
0 0.8813988017600914 0.12980471681644884 0.08769460847255808 0.09165248147171902
0 0.23347831914112094 0.07932612961259147 0.05708182325621966 0.12450924102763043
0 0.29349052882984267 0.08663558182930438 0.09642286060138985 0.10135368939744346
0 0.6648847595990734 0.11695222729782087 0.05544682695569929 0.12916976515343673
0 0.5266216336742036 0.10687125643015041 0.04769728507377325 0.13033492098064864
0 0.3667658644434344 0.0938223443029249 0.09702382213985125 0.1014027454580721
0 0.45085850774933367 0.1018921158678614 0.08864661384659009 0.13607457925724423
0 0.5950892769801028 0.1136655704187416 0.07362257538505163 0.13484817774152755
0 0.4374998981012006 0.7950828172668698 0.23076353741041472 0.241757490800928
0 0.21240450608685693 0.7863512352071328 0.22827574709913648 0.23915742040456706
0 0.5877403846153846 0.8257211538461539 0.06971153846153846 0.34375
0 0.9314903846153846 0.8425480769230769 0.07932692307692307 0.31009615384615385
0 0.07482825157668556 0.7895159958074511 0.14965650315337112 0.23768583776874846
0 0.10699775682022836 0.8018539421962062 0.06964099768994297 0.3640353257597232
0 0.7504730286341087 0.8760766545747529 0.18030183944959843 0.18670221912077523
0 0.3574022104015466 0.8451959140005276 0.0747043265340422 0.2859470930094346
0 0.506356727782576 0.8597656631902832 0.17665409814011307 0.18520595968008008
0 0.2839589864730908 0.8428168438345994 0.17787700725639416 0.18590503333979888
0 0.8641826923076923 0.8737980769230769 0.07451923076923077 0.24759615384615385
0 0.6564711961618126 0.8756354475782194 0.1747043112492222 0.18085206072896326