18 0.46114467312150703 0.3175556442917784 0.1963909372327073 0.19529153943534183
18 0.6558562115830455 0.31075616753977947 0.13257066776808338 0.13125192495928523
18 0.21735427709939348 0.3800785705752415 0.18260248519985317 0.23981801779664869
18 0.7467922164384763 0.4059980656289044 0.19653581599835782 0.22830245197201032
18 0.5664547802875575 0.4134958005132339 0.20832343989427735 0.20831046649083645
18 0.3698066995622375 0.4383660954977951 0.2251860713946828 0.2245020895535032
18 0.2033842421187581 0.5461957876629223 0.18491551310259646 0.3113114548342137
18 0.460132566833674 0.5780371753543577 0.2482787040357612 0.24631222685590368
18 0.6061570446342952 0.6173457635184383 0.20072010453308117 0.19844324940315572
18 0.7488430685009407 0.6207645476896908 0.16813043366431904 0.2381124297751331
18 0.3337388354503642 0.6460622225390332 0.2063736314415211 0.20464173914199327
18 0.22331701649769714 0.7639384577737374 0.18493082436329245 0.26750422064459545
18 0.7100958626515432 0.74693976589374 0.22701344331629617 0.2251660092100387
18 0.3500393082205843 0.8351266271185586 0.19153427031255774 0.1939217280435546
18 0.5459527697590458 0.8282851782878435 0.2294060683528884 0.21024690094529047