5 0.7734160201040157 0.23314219616946566 0.039746281839694135 0.05098856653036899
5 0.7397980367007551 0.26238960517647925 0.04654797701989931 0.04604204906721195
15 0.6933949300914755 0.3487901627623042 0.13317964395551649 0.17120232287673595
5 0.7315832396987916 0.3548606593690567 0.045947015481437765 0.04600353770196227
5 0.7566594031199874 0.3745840055938914 0.038234557453824675 0.03893082439588834
15 0.37945564091091555 0.36369704479370857 0.13535579939751066 0.16835156064542728
5 0.7348605665411831 0.39130346532924637 0.043916440154200896 0.042883195913905325
2 0.9168421953308575 0.4283283277110511 0.03112306096467366 0.03189662245506442
15 0.5585228285888846 0.4391834456370518 0.14644633594404072 0.17265053445069173
15 0.05580016824548687 0.40916072225061784 0.11160033649097374 0.19897015849589705
15 0.21406214968625115 0.44247235206008523 0.14134748340683306 0.18428465156742513
15 0.8610058566756746 0.511708857299034 0.16882749298187497 0.16810435094556647
5 0.7496163440774674 0.11687989013828742 0.05615439594763726 0.05443221954595805