27 0.5889423076923077 0.23588647095777981 0.23497596153846154 0.44013037141902633
27 0.09134615384615384 0.2682829016179414 0.18269230769230768 0.2817581109281904
4 0.203125 0.3111987953994101 0.17427884615384615 0.1793498426617606
4 0.4110576923076923 0.36172017266535145 0.17487980769230768 0.17876636731815385
4 0.7115384615384616 0.5050786547081748 0.10997596153846154 0.22675766596613492
4 0.8545673076923077 0.6751057536990202 0.10757211538461539 0.22668772118671535
4 0.6129807692307693 0.6776916879827442 0.0829326923076923 0.15325444104381922
4 0.3473557692307692 0.7288570206261191 0.09314903846153846 0.16196516789481363
4 0.2536057692307692 0.7285330203826045 0.13221153846153846 0.24483253979114997
4 0.6466346153846154 0.861363222586925 0.15204326923076922 0.15646727652905312
4 0.390625 0.8978365384615384 0.13221153846153846 0.19951923076923078
4 0.15264423076923078 0.9050480769230769 0.15144230769230768 0.18509615384615385
4 0.8485576923076923 0.13767127636585605 0.10576923076923077 0.21942372414061226