18 0.23417459897766457 0.22484432774665358 0.1455306496683992 0.13661795854970477
18 0.531935943053493 0.2830478954193508 0.14219953027978222 0.08973946225775105
18 0.2856817203791419 0.28401826187218027 0.10638685213812948 0.09373641550975989
18 0.15804415354208604 0.3205226781947967 0.07322303431636247 0.10195408469881428
18 0.1995395745844296 0.33157773373995586 0.09217971449259472 0.0870454238717479
18 0.34638420211136467 0.33603659820742765 0.1511961719510377 0.1204304562227339
18 0.4329108093793811 0.3569657639725453 0.08903489870540736 0.0846240962581333
18 0.2239862061370854 0.35935482360342724 0.10493398775994428 0.09973554201851415
18 0.579813586683311 0.3830522512407252 0.14065888044848954 0.1251752152752597
18 0.7104613275602818 0.39823052722580105 0.1136506132414402 0.1256188436758048
18 0.2691918416937428 0.4341118022255095 0.12934561728888014 0.1269116703435239
18 0.37510108055785335 0.43713099576320674 0.10108320436313548 0.09550783349756127
18 0.14454186193094223 0.4393941888837555 0.13351734603439094 0.1263351828487383
18 0.9927884615384616 0.44591346153846156 0.009615384615384616 0.11778846153846154
18 0.7420020764452561 0.5065504484109333 0.12903059907540063 0.1215030164973702
18 0.6254155379837176 0.5058721677719157 0.11898333590493183 0.13466123708835745
18 0.8569073961930069 0.6021386966234297 0.13726312336003998 0.12876000675430668
18 0.10355793461110713 0.6434134382687531 0.10671909096966131 0.1303845804800526
18 0.6175372787086546 0.6800461251671509 0.14882732782091151 0.12101743259338076