2 0.3801373687296929 0.29661574331100304 0.23346863136804322 0.23717736777840648
2 0.7332927412027579 0.275511797744426 0.17462774481581533 0.14149017651460086
2 0.49708578169887585 0.3028022486349646 0.27264038221157977 0.4164781411998538
2 0.6097520935037808 0.3619574159925121 0.15478359898852412 0.22209895097993504
2 0.2288361907074954 0.4280955719567017 0.17522221843143898 0.21335342118307374
2 0.7257441583496954 0.4256681357108401 0.15209917585730318 0.27877006388892833
2 0.8325753041009695 0.42059183010630596 0.17619690874799004 0.17870776857473095
2 0.5617118548134232 0.5496590159567535 0.15915997352874728 0.17392534625837378
2 0.12499375360570705 0.587379487994607 0.18988494317294818 0.1670961360546856
2 0.23278236905547983 0.6480727650249599 0.21710802808230917 0.2851114675487236
2 0.3731392071361653 0.6633956450618178 0.19952828110159973 0.301837590643526
2 0.7187330209104925 0.6488055947736796 0.2899643823310351 0.2926001359652889
2 0.5114659278410942 0.713574294329445 0.1817385219785707 0.3149579445075592