2 0.3989344306528082 0.2942935972541681 0.19227502471457938 0.12920304595791848
2 0.4385530077222547 0.3570855466678037 0.21916219406244425 0.08297466841298291
2 0.808086203218111 0.4265586473152192 0.1344470143021539 0.1368857127594631
2 0.6391803024869364 0.43140046504529234 0.1626411869256677 0.16686391650339366
2 0.42850094173819725 0.42633494874634525 0.12821701316148085 0.1310919452608119
2 0.28890849874324115 0.4511311808927515 0.1819811264986052 0.18548565344152015
2 0.5507808056751002 0.4715279053724068 0.16324214846412927 0.1669024278686434
2 0.11188298414834824 0.44822230104778976 0.17950381842607321 0.18352872336513654
2 0.8349284880969606 0.5367343152312826 0.2240259919564052 0.15821039481642446
2 0.43947335355476097 0.5415189365505307 0.16131682731760166 0.1637820860805866
2 0.7234475797613 0.5814079390635224 0.19453907800486547 0.19947703459266874
2 0.2444720575619213 0.5953010689013835 0.22643696908406316 0.23209015268194394
2 0.6664715391647854 0.6488553777295074 0.23641966329287703 0.24172075760286277
2 0.49850024621374023 0.6899089332282717 0.17832638265537876 0.18405266217309876
2 0.6776888240436352 0.7580297501490776 0.15253605618571095 0.154228503890167