4 0.5656388688192724 0.30010079405838674 0.08011009247455164 0.139235651746417
5 0.2976310004171484 0.3193174658682501 0.09247855176157767 0.09670146347530494
5 0.39867644988557566 0.32786020280637673 0.06769578071455293 0.07062695742586422
4 0.6645042348188903 0.3472450775529316 0.09973554201851415 0.10493398775994428
5 0.414623108745316 0.3822386117281198 0.06105723345584643 0.06543424285725272
5 0.596190411783682 0.3848891544108512 0.11061927925794225 0.11698229341767238
5 0.43785123190566877 0.44821622713445436 0.11424602624043359 0.1207980747907613
4 0.6447288453984934 0.46141591559017886 0.0777621869919647 0.14871102826692187
5 0.38780400287715816 0.5256756278961603 0.06254235618101917 0.11418213152007713
5 0.48660643562160943 0.5620026036983975 0.04326613515485178 0.10524956676103897
4 0.5491344059572391 0.5631700855392159 0.1287460215864919 0.1348592772061938
4 0.3328511853662518 0.5865881217707026 0.0784155929097318 0.15776045336756483
4 0.24047792304085983 0.6220265103466505 0.09415597054420381 0.1785022367535141
5 0.6744910277365164 0.6171877415285447 0.06256683022469481 0.1183888622893079
4 0.7551527329846031 0.6353340088116111 0.1323762648609369 0.13927602011774426
5 0.538960415984412 0.6743770450430978 0.06303143637696215 0.09498636431302779
5 0.2986667041905928 0.7040028545310746 0.08159831081410338 0.08525411935603835
4 0.46822876162754284 0.7097572838420511 0.08373334316508946 0.14245047158104449
5 0.6979149432462763 0.7168192030887255 0.09913108418809895 0.10429802419776298
4 0.6248353834068201 0.7619548345979431 0.09775824348301945 0.17811128735737197
5 0.5382969218683585 0.7669951260136146 0.07760135756209453 0.1210667974976911
5 0.3161439375709039 0.8148016440207624 0.07132602398899804 0.07504370033741463
5 0.44129777441686663 0.8339635307793222 0.06496368379463377 0.11732694730726442
5 0.5004087752872268 0.8677929478393833 0.08522855408854851 0.0896708622675888
5 0.4910419182719108 0.0844191178752966 0.06863937886447694 0.12955619021881495
5 0.5837088691214135 0.09946149853011785 0.07044925606376887 0.1308631193668979
4 0.42178489776435324 0.1666043526268099 0.11148246269293119 0.1620894108260078
4 0.5409780673130524 0.1945297211610306 0.10578012032266657 0.11129362338175906
5 0.35254885500851785 0.2523953566090924 0.06322722872636942 0.12864021046687396
5 0.3862866121692528 0.2648583202038525 0.06790905452372852 0.1072856112720181