28 0.6239700544485168 0.1846595782332495 0.25358360078919273 0.24739657952142124
28 0.360192211147672 0.2487389714156509 0.2289177934622463 0.22327711792208105
28 0.07722186488899078 0.26565072365358283 0.15444372977798157 0.2882702015955338
28 0.21686885763574132 0.35011656546304193 0.19214932200817036 0.2888122736360349
28 0.8951365245459824 0.3459821652770305 0.1857174938238012 0.337828826867058
28 0.4606856043220605 0.4150276377982171 0.17084498964913417 0.2257876877903887
28 0.06741667971380168 0.5373902562073275 0.13483335942760336 0.2665656414314989
28 0.7490467165931481 0.5230459407808656 0.24539316007320922 0.23995772052676947
28 0.30637130518875655 0.5887304507992513 0.2758140669026275 0.27084513480288036
28 0.5776279798573885 0.5880382291863852 0.23653876769943347 0.23129945226033946
28 0.8752741937182816 0.6333816702204849 0.18618908951696758 0.20943289197454718
28 0.3612902576281278 0.07399825801424895 0.17165025397451367 0.1479965160284979
28 0.44811313450415524 0.769420083541976 0.22771587038532323 0.22324214553237126
28 0.6911007880198927 0.8043530237334936 0.20807822078372623 0.20346930426110094
28 0.09126534069245872 0.8221189977060491 0.18253068138491743 0.2747564068049104
28 0.14323825975040624 0.08704093682118952 0.20871578819149522 0.17408187364237904
28 0.8594483413373802 0.8666596643126911 0.19725835768659758 0.21455533578962724
28 0.2283808466430764 0.909023658059064 0.1905635172038089 0.16695697088718175
28 0.6348930287396828 0.937998430173132 0.1724580737047143 0.0848240191747503
28 0.5105279111438652 0.10515418011711318 0.20494743285275738 0.20097802713298027
28 0.8193642626034076 0.1311237640973892 0.2177072126250289 0.2622475281947784