0 0.46242709442235724 0.2874982996773139 0.06832741623989126 0.2510509090961092
0 0.251140593361218 0.28368646019253474 0.05770163431039633 0.24282212489022278
0 0.41953580436910987 0.2929467520903923 0.1473623873635509 0.14572958081280504
0 0.9927884615384616 0.3329326923076923 0.009615384615384616 0.19471153846153846
0 0.38400413665825617 0.4845953322016332 0.22197942411902852 0.6998742699323335
0 0.6281205015123018 0.4969410246842958 0.2705968740199036 0.6892620367353873
0 0.8137019230769231 0.5060096153846154 0.36778846153846156 0.4879807692307692
0 0.2111161839393248 0.48114875723856204 0.39628043871445134 0.4671052067848164
0 0.9242788461538461 0.2848557692307692 0.1466346153846154 0.17067307692307693
0 0.7826476646481825 0.2873533673572389 0.08603364558262154 0.2799572586719741
0 0.6902255679637667 0.2859861683518788 0.06367975463534656 0.24246603641404746