9 0.05177553559806787 0.3061851423973406 0.10355107119613574 0.13640874633314273
9 0.06138268353848741 0.42203145064783243 0.12276536707697482 0.16137059360335718
9 0.4879654158137189 0.46524732262071516 0.9417374376033314 0.9249333448115546
9 0.6935788685829756 0.6435173457913959 0.27286452687425633 0.4471592969382057
9 0.774906437885262 0.7210585662281818 0.21664387548859365 0.2089953721867302
9 0.15144513681490385 0.7005456574030684 0.3028902736298077 0.5074615071138292
6 0.878179539176711 0.777678696618525 0.1500799680259687 0.22585471897004303
9 0.8481402588950391 0.8971155068939438 0.19133207921990583 0.19851955995766674
7 0.055288461538461536 0.8665865384615384 0.11057692307692307 0.2620192307692308
9 0.8004807692307693 0.9026442307692307 0.21153846153846154 0.18990384615384615
9 0.7415865384615384 0.9098557692307693 0.21875 0.17548076923076922
9 0.2645857333782526 0.9201122236433259 0.06176857016738014 0.06030792900913932
9 0.6670673076923077 0.9170673076923077 0.20432692307692307 0.16105769230769232
9 0.41586538461538464 0.9266826923076923 0.09134615384615384 0.14182692307692307
9 0.18570431353751746 0.9282013462190908 0.06394114804494724 0.09995040450824287
9 0.31414198947034555 0.9350962047955534 0.06475222620583525 0.10297619823990854
9 0.1466346153846154 0.9495192307692307 0.08653846153846154 0.09615384615384616
9 0.22716346153846154 0.9615384615384616 0.07932692307692307 0.07211538461538461
9 0.3641826923076923 0.9735576923076923 0.06009615384615385 0.04807692307692308
9 0.28846153846153844 0.9795673076923077 0.057692307692307696 0.036057692307692304