16 0.5560772681126169 0.3740352254507849 0.5034571476873609 0.48424457518675357
16 0.7065527593585432 0.44191895091128913 0.18842227327291666 0.7047779510524854
2 0.3119011969164813 0.6196050032485709 0.051354742386775135 0.048273895588390195
2 0.256948921973902 0.626021425482912 0.04801374809858521 0.04337877230642343
2 0.38435276812774816 0.6223143521736779 0.0389699366928444 0.03411954250153215
2 0.223463169117997 0.6294044985486311 0.04286986919501061 0.038431190439892265
2 0.31836455221224974 0.6603654706948263 0.03082125009696217 0.029084529660726534
2 0.3618018762794216 0.6615103108191213 0.03853706845232397 0.03650590246052342
2 0.24169361523608449 0.6662094728670197 0.030220288558500633 0.02906704346587164
16 0.5234226251385727 0.6820993676031085 0.234109105124541 0.35466037431204445
2 0.7020548637225184 0.8081778760386484 0.041066984579625924 0.03837873185532759
2 0.734313423510165 0.8216916708292717 0.04942578779793458 0.046418552388440906
2 0.6784954120865448 0.8329507577610149 0.03424629103412258 0.03518157601961637