18 0.14714148039629255 0.24463203997944152 0.10283617507395393 0.1429947241161882
18 0.048928275475134494 0.2578260646085318 0.09785655095026899 0.1622324861675518
18 0.4360347783491141 0.3542282840425202 0.10396466939216459 0.13880197898814622
18 0.6122768981045318 0.37741277940315077 0.16379249437931082 0.1929728523294745
18 0.17578056755779647 0.05098341024825212 0.11478501873056093 0.10196682049650424
18 0.4905740559472821 0.4653498050604926 0.1443130110504733 0.1440781902756635
18 0.36395253996343074 0.49085675892377856 0.1270844330658796 0.1552936677091951
18 0.6426159602936442 0.5669250276037103 0.14536503496388284 0.16992652925010396
18 0.46956610015424494 0.6362326666014015 0.15285235046101336 0.15138762822552357
18 0.2829323489056254 0.6576312102164354 0.12133706324809442 0.17024777796478935
18 0.45121374625921096 0.7926644799368561 0.1406443028836648 0.1404304641213279
18 0.06473600899107483 0.09179285229888154 0.12947201798214966 0.14814506463300617