21 0.5178092228915423 0.24622702702094232 0.45474894898347845 0.4427910908596988
21 0.7140845589376483 0.26638557585641903 0.4375429307808585 0.4254920405216941
21 0.18411834033245628 0.2702284936148962 0.2086660524429655 0.20405277960470747
21 0.790238712914117 0.40585287390533265 0.1882452144057183 0.18306052906165904
21 0.29456823116017505 0.4203253755807773 0.5705293193242278 0.5559495398617481
21 0.7821300976815355 0.5657436155258116 0.3928499105219399 0.4409900127896464
21 0.6456827535622688 0.572609043180917 0.319358714286263 0.3122636467402253
21 0.04426114170383419 0.05778436303464554 0.08852228340766838 0.10114564914621416
21 0.17048591270759314 0.7338210774101064 0.3409718254151863 0.3815647652613737
21 0.5396634615384616 0.7692307692307693 0.49278846153846156 0.4567307692307692
21 0.0011846830262393008 0.7999083491686216 0.0023693660524786017 0.195369582952628
21 0.8413461538461539 0.8786057692307693 0.23076923076923078 0.23798076923076922
21 0.16466346153846154 0.859375 0.3293269230769231 0.2764423076923077
21 0.8270179110866374 0.18780232169952774 0.34342032357799934 0.3339617759908646
21 0.17541076518332938 0.18539443043608575 0.35082153036665875 0.36598116856447915