22 0.22273837576127098 0.432012257792018 0.11192073138263894 0.11702324505632142
22 0.3664096435892625 0.4459651214540117 0.14141031184198735 0.14668459540084583
22 0.5993868950213671 0.43807353309218355 0.16688747961450326 0.10706727552435205
22 0.3702082234938563 0.5920954569448036 0.08918160319706203 0.09383376666575056
22 0.06919508941458974 0.7073613990812684 0.13839017882917948 0.13391306312836257
22 0.23463867167660185 0.7971700032210568 0.16542130077983452 0.17296292813269487
22 0.14642070099075777 0.926935392221044 0.1325492491813035 0.1268654996272825
22 0.2401008449270297 0.20160448361000463 0.1084962976382479 0.09878428228004886
22 0.6283199888950853 0.2776547073099555 0.10101949847991468 0.11266105598481711
22 0.15235744549449756 0.36253582596102113 0.14571395041765497 0.09958684378275183
22 0.6144264284265488 0.35902401995350736 0.13396048281474363 0.11016464652381536
22 0.47832937003285225 0.380540522056412 0.12298981470619672 0.1285969725893642