14 0.6306968864320255 0.3559036309879584 0.1997236454714926 0.20421430750769515
14 0.2827686971391088 0.3572370726150075 0.1512270537180524 0.1869910686870228
14 0.5543205059175134 0.4114495217505198 0.22192526128225865 0.36929186619557347
14 0.786392963842132 0.552154136917944 0.23691794044475173 0.24537692893089158
14 0.43076362263174006 0.5362406311834306 0.23128196606548457 0.23724941071741207
14 0.2818650506521176 0.5323678216085773 0.15644979033419837 0.160297819693453
14 0.7093042737066331 0.6244569467099885 0.09469165270889782 0.32648471044515487
14 0.5601830055619607 0.6541679792415415 0.19022885767475975 0.2696550382877855
14 0.2645541497647204 0.7209415908610658 0.11877513064112932 0.18510095940614618
14 0.39081315579427156 0.7714912425640444 0.13355074928403504 0.3011506132414402
14 0.7621245799572913 0.831514027637067 0.17747701326695656 0.18192058080762324
14 0.26073493310502815 0.8371081050379648 0.14891706945187635 0.16945817800047835
14 0.5131387792588742 0.8518089550003405 0.09273038106242026 0.15598664364067744
14 0.5745417733510805 0.8589849306505438 0.11937789872492306 0.12334192903948732
14 0.4852806690417891 0.18304969589903047 0.0983331895973101 0.10111820638685537
14 0.3121209393586551 0.2113606474817858 0.1379138445295608 0.14181987436647014
14 0.38740956270150045 0.24214320611536627 0.11021997299849645 0.24159727115675314
14 0.7012164029475527 0.2640200317279452 0.13412035152345134 0.17639562740747977
14 0.22076192368570985 0.24683572044429936 0.18182363359502626 0.18697328728135526