12 0.47101869955576536 0.23893591127842237 0.12538204827463006 0.12606743776222673
12 0.36351799582445293 0.24035443026713613 0.10596643241276957 0.10486956272188422
12 0.6582747962838187 0.300947505920686 0.22044328799185892 0.11772854054148975
12 0.2261790518092701 0.32798296840593394 0.14423432760181185 0.20759812304822162
12 0.38980868356874965 0.3427731892845272 0.20644016433041493 0.20812735908551178
12 0.6353371778569397 0.3661604436793402 0.17621987577191417 0.17774187408641098
12 0.8533054880248694 0.3886548666020381 0.18071225315435685 0.21634002697506063
12 0.5043863391299597 0.37417089851169966 0.14792854180225407 0.14929588812980596
12 0.12961320908553617 0.3660967136955255 0.13048390385371944 0.13063847367042067
12 0.7927132909598573 0.4282989773569303 0.22890261120906857 0.23015388637616796
12 0.34800998917328385 0.4460102154563087 0.21217676809748595 0.16193543122106774
12 0.19388642538888312 0.447482528570901 0.13313988995447726 0.1344263954706715
12 0.5039320392523666 0.5044519036183888 0.2638970854089609 0.22623005985294414
12 0.8966346153846154 0.5841346153846154 0.20192307692307693 0.22115384615384615
12 0.17450403621010296 0.5464403887681422 0.25091983483475383 0.17742452649809473
12 0.6613669290129197 0.5845282071650841 0.18497748059800317 0.32007868241705467
12 0.34447946995008016 0.5664936833781317 0.19609774820311282 0.20555032604983042
12 0.527045427685712 0.6640165126196428 0.14021272344689228 0.14153789195982278
12 0.83404009219492 0.6944525036900822 0.23228151048426107 0.21008549920743882
12 0.1628709720529848 0.6878298617966541 0.16275921697451629 0.16476634232740184
12 0.27593578793272466 0.6975929556392112 0.1530218807231584 0.18793957916082604
12 0.3813770687810382 0.7522094398421781 0.19569838662889275 0.24258225072259385
12 0.7406427521407325 0.7949751726949329 0.1897225578937976 0.19131836738388147
12 0.5340295362252341 0.8151855914577282 0.295958163569849 0.23164838909088287