18 0.44078627791652786 0.1613184862574834 0.20024375198741795 0.19445891479743072
18 0.61676755742299 0.19182327185176523 0.16307796001087602 0.12996379944539405
18 0.24877819335899137 0.29476526745681925 0.21764530333297408 0.22064435405325372
18 0.6097733129747744 0.2905209722543373 0.20944094006394237 0.21177586620643302
18 0.41262828116221384 0.328373939679346 0.22273455493936273 0.252705327734035
18 0.46542395495530103 0.4044106725265946 0.1274137879358888 0.16204848166706534
18 0.700105190560152 0.40992064845914655 0.246521104376304 0.24869675483667877
18 0.2588578131981977 0.46438828366829793 0.16945641932204197 0.21544034600181222
18 0.9173404040236827 0.48117451911482334 0.12445510800301918 0.2272032691221735
18 0.5579357568265066 0.5284780329442165 0.26670354154614984 0.2702495119034091
18 0.3974608885313403 0.6025524093126874 0.1893491014492987 0.29511136218071216
18 0.2197145673505624 0.6356795427478888 0.17376194439036752 0.23067439660567038
18 0.5187925109788714 0.6997692920238072 0.0893391418523606 0.09090778736823178
18 0.3192436330124646 0.7377622675436958 0.10498062241462239 0.13077533391379056
18 0.5916883082049715 0.7302848103133037 0.12579035439275815 0.12719271243629612
18 0.8394227562549629 0.7386305109547862 0.14192414948682022 0.21623409906454108
18 0.4430943764751984 0.7808926117932772 0.19780040592882905 0.232074477554468