27 0.7879152740719052 0.6979814291637799 0.07803214938972894 0.1852316184546283
4 0.16807269027669502 0.731658252550489 0.11626817386348616 0.11692614463007746
5 0.34383323862514226 0.7351457136733313 0.061143518992114294 0.09999237658695884
5 0.4371507081218339 0.7583561713045037 0.07211820243811573 0.105778779141557
5 0.8483482899883652 0.7488094126913094 0.07805787304331183 0.10358479338129128
5 0.37205913819264747 0.7955204048646553 0.08716615800790486 0.08649268539563501
4 0.6752585050846507 0.79576074872052 0.12165110405605727 0.1987618440576366
27 0.2570592190948394 0.8127708782675492 0.1205798218018462 0.12067881613635259
27 0.5872254795247966 0.8301166825455073 0.14226046485763041 0.14364890443696018
27 0.850796357268048 0.8329440280759246 0.13503787111463283 0.12238440415786819
5 0.22083591357472526 0.8910370617095396 0.09336812153592391 0.09331312271229181
5 0.3725230279950012 0.8941620413297796 0.07797687298243303 0.08016827942064927
5 0.30068742249729463 0.9062957506681267 0.08163510079776685 0.08209708027218181
4 0.808773270701577 0.9186316103730336 0.12392329810979227 0.11179030929557744
5 0.5866623081987761 0.9348099064739632 0.07654119845900084 0.09272551361026761
4 0.6803423634193564 0.9291322381802656 0.10121559392563356 0.09478786430086927
5 0.2734150261880798 0.9613896190188503 0.07384651790601747 0.06201351703065491
27 0.6814867715247203 0.10012582452722871 0.11990710893863311 0.18009006428661284
27 0.5277326730209041 0.1500113765277521 0.15778054768850133 0.14058877222949964
27 0.43203346793328473 0.1689941428250355 0.1176909865601269 0.1451923229771276
5 0.23653967507134033 0.19025866857882745 0.07560156830490086 0.10169796460847444
27 0.7902636278089898 0.19979766621560155 0.1480124116874863 0.17626871582874756
5 0.3048265942909057 0.2215620783245752 0.05953941343352899 0.08612828912362741
4 0.37732667519309765 0.23226490744776646 0.11437785827382722 0.11385837881969553
5 0.5234588152949851 0.25122474746158685 0.08150626652038703 0.09830205577128542
4 0.7886512847916765 0.26843319783636505 0.08969240752573499 0.09078336032229774
5 0.4497789218787884 0.2826731701881353 0.07314526356649018 0.09981113583565773
27 0.6626591960530122 0.28005180456308804 0.1449422835838224 0.21518431355324139
4 0.18560065168367976 0.3003204890441263 0.11758606939099768 0.14158655374635837
5 0.25466982530365123 0.3171588497880811 0.0698717320379636 0.11110348883027887
4 0.8866236952104299 0.3275754315390816 0.12930803484769543 0.13178992837967266
5 0.5212740522155244 0.3415368665456817 0.09957008506394296 0.10013356002894916
4 0.6048012751482825 0.3590734854219671 0.11330939384234735 0.13903580531700604
5 0.4656579773428836 0.3735576311684127 0.0778719558133038 0.0765625101898799
5 0.22127003461390027 0.4097641659957162 0.05477312442894212 0.06675061761735207
27 0.3898889892802285 0.415907305744701 0.14660708518570031 0.14860349902015868
5 0.7529746756801271 0.4068375072032252 0.06978430106368941 0.10809868113797122
27 0.789102312767239 0.40798219099559013 0.11660966030185559 0.21119316201110677
27 0.14865217471578768 0.4363629243358564 0.16699837419028712 0.16852680754974272
5 0.5408288216898083 0.4346992574436571 0.07805787304331183 0.10358479338129115
5 0.23111736413046174 0.45874920759855004 0.04535008795696117 0.07302541791070064
5 0.7028307685196639 0.46152692197263046 0.06365228231508979 0.10368208997516017
5 0.24187397577947684 0.538984249201384 0.0787462655560476 0.10661058711295696
5 0.7205890842919589 0.5342985926416296 0.08410889173103278 0.08458487058346019
5 0.38061971547127704 0.5521863063028852 0.08028042633521341 0.11807082842244217
27 0.6090900172557909 0.5478173805776062 0.16402210797429362 0.19003550669821004
4 0.47365740585029054 0.5657813793186729 0.11445242742131011 0.15768659904867185
5 0.4945370810239493 0.04288760157257624 0.06906736707463915 0.08345925806104809
4 0.8345840528243111 0.5652089864730908 0.121816717268479 0.12192271129199178
5 0.27109196408564656 0.5921054298524534 0.05183826151605399 0.06904953357440814
5 0.7548245992440795 0.5944634234393734 0.07194334048956709 0.09976916375694163
5 0.20434383001331036 0.6136866354913211 0.07724064625319595 0.11676397514872888
5 0.13586918701840472 0.6172809670550585 0.0834554716080064 0.08276099992871758
4 0.890126569826868 0.6547083688557388 0.11511227845773184 0.13909876343508015
4 0.28099637655483617 0.6844016743032341 0.1620158199340461 0.16234930385026308
27 0.6080243706470424 0.6765910381232397 0.12059730799670117 0.12127977767481414
5 0.7126616231187696 0.6753433134287901 0.10144291445874715 0.10260036430086927