12 0.3055462855297163 0.21033653846153846 0.18412876370077014 0.21935096153846154
12 0.8497596153846154 0.27163461538461536 0.2956730769230769 0.24519230769230768
12 0.14192885920152276 0.3016826923076923 0.24940873155010437 0.29086538461538464
12 0.7738161652327009 0.33413461538461536 0.2524834124215583 0.26382211538461536
12 0.5601658069540288 0.3762019230769231 0.322409877566233 0.3046875
12 0.33475772670869297 0.4411057692307692 0.20838930147372076 0.28846153846153844
12 0.8494709106397493 0.5769230769230769 0.257669068830395 0.24158653846153846
12 0.7247933006644535 0.6382211538461539 0.24430009787176735 0.31430288461538464
12 0.17717851397052725 0.6454326923076923 0.25387074277337707 0.23858173076923078
12 0.4116914179231639 0.6850961538461539 0.3223713662009832 0.30408653846153844
12 0.788521979541133 0.8449519230769231 0.2987108687636662 0.28185096153846156
12 0.28292791842008347 0.8701923076923077 0.2822081781171032 0.24939903846153846
12 0.5502940006105029 0.8786057692307693 0.2772697314081274 0.23798076923076922
12 0.6459234268961016 0.1201923076923077 0.2364589996663548 0.2013221153846154
12 0.47543483604509224 0.14182692307692307 0.2967154273220328 0.27884615384615385