22 0.32103734147805135 0.36046048202038516 0.22495514534583994 0.21216313249108373
22 0.7621922659524907 0.3815651467337118 0.23822545443566384 0.1835897140344332
22 0.07642079780836106 0.44638718032043745 0.15284159561672211 0.22659229270633807
22 0.16822205918638966 0.5563617769744919 0.2001563644591548 0.1877260576910402
22 0.5594848871576038 0.5711360483308294 0.255456916442451 0.24030038492595523
22 0.7462981023088024 0.5762766851952502 0.22712590082441864 0.23140439154452622
22 0.3884421540765865 0.06816512799808112 0.17023107646221164 0.13633025599616225
22 0.06980449800775153 0.7011529133374369 0.13960899601550306 0.25017665022376295
22 0.493600514889433 0.760719116512302 0.23855645886610552 0.22440264953645192
22 0.3931545113881821 0.8884945129902062 0.18955975944815534 0.20494414585296064
22 0.2063876743554929 0.08881370005141499 0.1872664134095255 0.1694979049064032
22 0.6079308712942185 0.9039489460586208 0.2008923045516262 0.1673353246740408
22 0.543956412350198 0.09972436314064893 0.14831431434170028 0.1628169408707025