0 0.13061855546216633 0.4228174824764056 0.16060340303590953 0.1542220132598928
0 0.8114715088385025 0.5430213297345443 0.13057911027033625 0.37369697626509735
0 0.22866150627390272 0.5359279974821334 0.32185682367090923 0.3090659740976054
0 0.42096919858159504 0.5426435300767003 0.13505530223237946 0.47992026629728335
0 0.5856326601200565 0.5483937048607982 0.14663302845595225 0.47493133323829007
0 0.15995566664677266 0.5359394351491651 0.11031826294940626 0.3310420594707649
0 0.06777446875647551 0.534230017588839 0.13554893751295102 0.20788311210075497
0 0.6617708400730749 0.5606953025140095 0.2306581355557657 0.2195894670490207
0 0.3364667123337854 0.5589782258760625 0.22105503975129864 0.21206313799711188
0 0.8463028988135197 0.5888355900996115 0.23430047367016316 0.2862332397001775
0 0.7271162899556204 0.5870842004605694 0.1562976674980483 0.4171417289521132
0 0.5022585624497478 0.5804373448175925 0.2028054909161442 0.19404764427970278
0 0.10223778950221542 0.5715049001792966 0.20447557900443084 0.2632021080509009