5 0.5166834204274195 0.12794869317830398 0.05693859476821572 0.0370332458163006
15 0.9254807692307693 0.18629807692307693 0.14423076923076922 0.15144230769230768
5 0.6247258565277843 0.20791990196878854 0.04882239854228706 0.047102734452721916
5 0.13783848011414446 0.31955251435975873 0.050111752593484556 0.05012852179037598
5 0.6272880897127234 0.37855101960117266 0.05628517464518951 0.0352198713782428
5 0.09149731469591771 0.4196538873620942 0.05193212340372404 0.050760952796857155
15 0.35910287908258226 0.5336444093383056 0.20218175675523561 0.1362741414821586
15 0.531887161215036 0.5678944986228429 0.19848675000485974 0.19507396384733047
15 0.41654676695625725 0.6499731087635096 0.16634495406726096 0.16387945460678519
5 0.09313379083094721 0.7236145479515541 0.047620475465364014 0.04708175480737554
5 0.0756516410856657 0.7833750274721653 0.05067774174223635 0.04893708853612603
5 0.3710541876271915 0.8618113686289985 0.050660255547381454 0.04833612699766449