6 0.8966346153846154 0.7512019230769231 0.20192307692307693 0.24759615384615385
6 0.9254807692307693 0.7620192307692307 0.14423076923076922 0.18269230769230768
28 0.5944540437182309 0.8137282859935042 0.1264404493201249 0.08628049569223496
28 0.7156264080746971 0.8207439969446937 0.11798605862272091 0.09516003939818937
13 0.7728365384615384 0.07091346153846154 0.4495192307692308 0.14182692307692307
28 0.5626665983043716 0.8899889573235319 0.1283424128714468 0.09839783858272273
28 0.9056346995120877 0.8692385412267298 0.12897837643362836 0.09904785618181332
28 0.761112059821114 0.8967351078988675 0.11721008696565988 0.09210617564525318
28 0.6575248087929647 0.9220977855251787 0.13253192302262534 0.06763839918900963
28 0.9675480769230769 0.8858173076923077 0.06009615384615385 0.07932692307692307
28 0.8676513351121835 0.9013223950743758 0.08763481775660946 0.0669640023341671
19 0.16395044521838725 0.13162286573399445 0.29905473659062065 0.2632457314679889
13 0.47620150553904117 0.5250947041791204 0.4967225440874561 0.5082647064279123