0 0.5604807702547541 0.35487529532577755 0.277942993700935 0.2757750536944438
0 0.7716835309515488 0.37299078982982353 0.3025549441772438 0.3008340696782951
0 0.49266952668456165 0.37533505057099364 0.07009673895128242 0.4049056259361479
0 0.7063041086053415 0.39229058128880945 0.2675168345210472 0.26658230363207613
0 0.15942910860534157 0.38274484265619046 0.2834915228977834 0.281879077483118
0 0.2506913372410787 0.3879450649332873 0.25577685198368083 0.25256088161666984
0 0.07870443696052318 0.38975266795644214 0.11744882255221731 0.5036490934058692
0 0.4272621292682155 0.39583676510690263 0.2158611123444446 0.21522038929675744
0 0.8429876385329057 0.4091053377813777 0.10934258431575909 0.4908925334034251
0 0.33669827244690137 0.41229213785976765 0.2072098627098025 0.20485718562548635
0 0.6342716442613244 0.43912970529029405 0.089549801334589 0.3373641158835562
0 0.38245426964134577 0.46118726710520086 0.13777656754107917 0.13816702797110628
0 0.5164542027136748 0.4899792950763071 0.1230038022412662 0.12289123376541074