8 0.5664241702334387 0.31238179379087244 0.2346728929647184 0.23134351290951827
8 0.7306194864847503 0.48789692697213655 0.3024087390836195 0.2990938268131342
8 0.09293477020532655 0.4747214728447098 0.1858695404106531 0.25651330580390774
8 0.343983307241145 0.49004888970428667 0.25695868298302066 0.2903083353997442
8 0.91135910047781 0.5315362983215904 0.13833601746433535 0.33895377083403927
8 0.5284070130132308 0.6012477858337293 0.20093816885779425 0.3087473539684244
8 0.33081326149141205 0.7183723022409553 0.202950467069739 0.22123781578597793
8 0.13002911752592763 0.7125648881722992 0.2515236448868436 0.26672393312423803
8 0.4539013246705353 0.09291443891388927 0.17392811988969867 0.15963830070896778
8 0.7297308536008545 0.7575893890687821 0.22258045045687289 0.2753110018110796
8 0.5625 0.8713942307692307 0.25 0.25240384615384615
8 0.6191997982119447 0.1095238934690109 0.18948501896072592 0.18177658103817568
8 0.9088632597504063 0.11963916443957726 0.1814835486027343 0.17789799329575218
8 0.6237555300423148 0.11449947409156738 0.1996043245307552 0.19172774228328865
8 0.32572115384615385 0.8918269230769231 0.24278846153846154 0.21153846153846154
8 0.8677884615384616 0.9362980769230769 0.17307692307692307 0.12259615384615384
8 0.09615384615384616 0.17403084322036036 0.19230769230769232 0.3480616864407207
8 0.7708566303104546 0.2255991588577356 0.20795224054506506 0.2022169069487891
8 0.29812292036370186 0.21631567038386917 0.2846054691570724 0.27987641001880204