28 0.6256855946523039 0.36177884615384615 0.16135073929192545 0.3864182692307692
28 0.5184444836981302 0.4026442307692308 0.09587120350274302 0.1658653846153846
28 0.4760840298385479 0.04567307692307692 0.09219209813863435 0.09134615384615384
28 0.8979820205317198 0.5024038461538461 0.1768047869525359 0.16346153846153846
28 0.44539653801559365 0.5384615384615384 0.2743564828766956 0.2542067307692308
28 0.26339101517208735 0.546875 0.33865916912599725 0.31310096153846156
28 0.5773872746127824 0.5504807692307693 0.14825306865319568 0.13762019230769232
28 0.6571554046862391 0.6442307692307693 0.16630639324583532 0.15264423076923078
28 0.14866821028227248 0.6875 0.10871199930870211 0.2127403846153846
28 0.7855891305641631 0.7451923076923077 0.12637297459935418 0.1935096153846154
28 0.4716907848786424 0.8016826923076923 0.1144764335732157 0.18028846153846154
28 0.5802071550430785 0.8353365384615384 0.15795427657891992 0.14603365384615385
28 0.36432698418137627 0.8557692307692307 0.11945577250158752 0.1971153846153846
28 0.7444044352310055 0.8737980769230769 0.13107026597487156 0.19951923076923078
28 0.4511104284738568 0.9471153846153846 0.11105489732316798 0.1015625
28 0.5544758130892414 0.9471153846153846 0.1073510159711412 0.10036057692307693
28 0.2593204531533639 0.17307692307692307 0.22056398322980472 0.34615384615384615
28 0.42589700187330204 0.22596153846153846 0.2788575500096983 0.2578125