22 0.08492093216565187 0.19245261436622496 0.09534508146744132 0.09868944773131073
22 0.8174795624847224 0.2517851033873536 0.07021709960213694 0.1281349061522523
22 0.5491160204282587 0.27650509416295965 0.12115895502067311 0.1245044606153284
22 0.9699519230769231 0.3088942307692308 0.055288461538461536 0.07932692307692307
22 0.4162900353627139 0.29553164694084416 0.12117294255574261 0.12510542215378992
22 0.8324361756185367 0.3785468311343217 0.09285731010317842 0.09497171756653248
22 0.16221069981768194 0.36654049977657677 0.10577124064732918 0.10817970477777222
22 0.3658952012204597 0.4000396602387997 0.13344394895622344 0.1364825345161426
22 0.5488672596141563 0.4205679219927153 0.12076830897777792 0.1593042493790931
22 0.6931819540553422 0.4308913472640252 0.12177390409420415 0.12513341238729225
22 0.9226103913360048 0.4872007129179583 0.09090106507155472 0.1140905258632927
22 0.30543738134059867 0.48486906056995005 0.11129179477403858 0.11323930918698476
22 0.45103792406912435 0.4988542355390337 0.13713364339740933 0.14025624514792548
22 0.0982600159266564 0.5076363628550936 0.10331144435320522 0.10566389768991691
22 0.6475948122207803 0.5356232824299989 0.12483466192678958 0.12767720970864962
22 0.5459908520850966 0.5549034042730774 0.1076021003328527 0.10946559855520185
22 0.9735576923076923 0.5841346153846154 0.04807692307692308 0.07692307692307693
22 0.7324577843680561 0.622418626961002 0.06582953581605257 0.17175318635842438
22 0.5651286516540064 0.08755291594819009 0.08424852554326935 0.1119797486793833
22 0.6180802715084407 0.6603137328978003 0.1319902502480503 0.12560924635683052
22 0.39843607420304544 0.6632904612821295 0.1143945152118324 0.11758599112372672
22 0.50331211260593 0.7330086275983633 0.11744128550934828 0.11952882690662282
22 0.7926708631900113 0.8881589018223587 0.09580616765520844 0.09270782258019768
22 0.3578544600452464 0.8799132035359585 0.10269649527967427 0.10503494591795332
22 0.9447115384615384 0.9459134615384616 0.10576923076923077 0.10336538461538461
22 0.15717418225363256 0.09856763408973508 0.08483600201618599 0.1372201332947679
22 0.8521634615384616 0.9663461538461539 0.07451923076923077 0.0625