0 0.588600776999862 0.3416444308887237 0.28742052808230933 0.2726139778092259
0 0.8009792871076022 0.35483681304409853 0.3128940725932884 0.29739325256429683
0 0.5225531575460877 0.36367063097215335 0.08421847532441645 0.40419927933347743
0 0.7372655097602341 0.37564710488279035 0.2766791515726638 0.26354011776908987
0 0.1903905097602341 0.3788287305606565 0.2931792021656625 0.2786550598214245
0 0.2819466757487076 0.38190306341446356 0.12070211905197052 0.40140774545034547
0 0.14280361501539018 0.387521895455414 0.2581656434343459 0.3066869783199412
0 0.45890938424615935 0.38568284588776824 0.08969176687040285 0.35376745819006
0 0.8751247890987434 0.38927302724042384 0.1264483780772636 0.4897525878961452
0 0.369815214188527 0.4042361358346693 0.21424971640771906 0.20250036577301203
0 0.6691522101193679 0.42413659041025 0.2212803176154353 0.2097503634460412
0 0.4194903760861223 0.45204034813920385 0.14252584197609153 0.13660047708993625
0 0.5556458497451844 0.47769948643388294 0.054784896573091726 0.1979680791745126