28 0.612441846845144 0.19074701536817812 0.05985067517692759 0.057820138697861075
13 0.49990327644132293 0.3948259355116154 0.21980406061374694 0.21142020437993436
13 0.3052410915895375 0.4891139644067027 0.18070489254707722 0.17290142663383767
28 0.43786965615794043 0.49407044828460656 0.06295359499049269 0.05912699197157423
28 0.37039031722956844 0.5132058356909119 0.05985067517692759 0.05782013869786094
28 0.4860938465997909 0.5199518517477635 0.06100354219322203 0.05726114923811565
28 0.2919220239882092 0.5495039228038688 0.06760183030538144 0.06468254809323426
28 0.42634118436107915 0.5472068961415182 0.062401689512659786 0.05970696747067778
13 0.6336852039412275 0.5471572649851812 0.20925671002945898 0.17030298729225363
28 0.3574636981132695 0.5687881017803859 0.06184978403482688 0.06028694296978133
28 0.2236577880897786 0.5782546948255589 0.06379983683209754 0.062152785703239906
28 0.28100680254072713 0.6098099370436029 0.07964563869644724 0.05072116403603388
13 0.4302906435653734 0.6309637628176892 0.292827329491407 0.12228521826929374
28 0.2086462368052406 0.6446962406860565 0.08029565629553741 0.05134311161385341
28 0.2837055801565939 0.7822992510185014 0.06880375338230452 0.06472452017195024
28 0.36516698737759196 0.9148847086496738 0.07093784079421375 0.04682159025425228