18 0.5615022756158731 0.2391892490833376 0.21901149765488995 0.2510121181586894
18 0.26842076862198244 0.2536216826142595 0.2152372973889676 0.22435969384395532
18 0.4580098632684408 0.27771836084391655 0.2459958773876987 0.2714909521283495
18 0.6694212970748548 0.3382676946347835 0.20622005648931327 0.12057407598371785
18 0.3105744960111656 0.4191591173087269 0.25225029950028244 0.2803246469116639
18 0.688585734616869 0.4660665040421473 0.24251894243430938 0.2550548739674615
18 0.458493841078915 0.46804244024261554 0.2399752067216241 0.25007908836182824
18 0.2221033043025406 0.5623143134192488 0.2751742689360953 0.2849263409344124
18 0.7808005625603044 0.6495569749164555 0.22631689800409852 0.23413053676161347
18 0.4324655664176619 0.6589213395178082 0.257274257059629 0.2674817029858777
18 0.6796770239770085 0.6894561030518985 0.2392168694294688 0.24462841119118897
18 0.46283200793879115 0.7742554149197532 0.2752442137155148 0.2873301870882585