22 0.7500715513349892 0.31525026992861843 0.17160087108110117 0.2365034404446534
22 0.3031706911258068 0.42839347129955657 0.23653876769943355 0.22606722857529876
22 0.08372946021679595 0.4381634941160534 0.1674589204335919 0.20540378099866244
22 0.5206608887391952 0.45115928256687166 0.1962139099080009 0.2132162809986623
22 0.8923275232243166 0.5355090653423176 0.09688928434724477 0.10630066714619305
22 0.36589543715129313 0.5842309088490202 0.19343723384781342 0.18316121149167805
22 0.14942841387612021 0.610722965983829 0.1960300503596513 0.18678096589026205
22 0.7426115028021449 0.618085937225882 0.1800798781437141 0.22633953867011278
22 0.6037179008819232 0.7234294217319109 0.18344390851644532 0.17589373235888045
22 0.9266726002871736 0.7972485927552524 0.07043164422601059 0.17463546793312354
22 0.7325960738285832 0.8091917064566512 0.2080152306643955 0.19766470312969003
22 0.09748187906819591 0.8453287212527731 0.16932556057073708 0.2274785284918694
22 0.19718872595276488 0.8916093516206443 0.20048874160620442 0.1916131322416304
22 0.3685598049981203 0.900224796737271 0.1962505157773083 0.19098769665949297
22 0.6998069669140476 0.15092944500161937 0.17006783477678603 0.16139723330477582
22 0.2872375117424215 0.1821670625441034 0.1935317190268093 0.18496409610706266
22 0.5839235413844298 0.18404566354974528 0.20368251965650386 0.19523638293216802