5 0.29372882110903736 0.8093809173802442 0.18704329132879507 0.19023947278328854
4 0.19951923076923078 0.8689903846153846 0.3173076923076923 0.25721153846153844
5 0.9423076923076923 0.9338942307692307 0.11057692307692307 0.12740384615384615
5 0.5252403846153846 0.9507211538461539 0.15625 0.09375
4 0.8641826923076923 0.26802884615384615 0.2668269230769231 0.43509615384615385
5 0.5167665301494674 0.26117708438020537 0.17114420227425817 0.17416485120961794
5 0.7176621333266057 0.3398645809652242 0.22315320627825977 0.22448576381741114
4 0.3796394893710007 0.5580273743553101 0.48704308255985423 0.49072352040188044
5 0.8786057692307693 0.5997596153846154 0.23798076923076922 0.27163461538461536
4 0.72982986173547 0.6926416390378148 0.23021880950969595 0.23276052038674935
5 0.18046915726373897 0.6733790430400651 0.16086377920819464 0.16207420878708426
4 0.14354146145158503 0.10101151847776887 0.22458292290317003 0.1976526112090683
5 0.8990384615384616 0.8149038461538461 0.1971153846153846 0.20673076923076922
5 0.6827148946579673 0.1303350023270912 0.18754517393131925 0.17830428866302833
5 0.5644533838769342 0.8127504600475921 0.20919700993398707 0.21094105837104246