21 0.37943687911262997 0.2853154829010261 0.2926001359652889 0.2883687136861681
21 0.5889917277420982 0.28036481752212083 0.3755031599609435 0.36935465330606737
21 0.2939657540194506 0.3223656846890814 0.4333717976261575 0.42627574713748184
21 0.13307615500969944 0.33321020683322505 0.24497255447881638 0.3864642017181653
21 0.9543269230769231 0.31490384615384615 0.08653846153846154 0.6298076923076923
21 0.1384721738601857 0.3465126375335175 0.22401770901127074 0.693025275067035
21 0.4333635609511924 0.34504281509883195 0.2315107757485386 0.6900856301976639
21 0.5351655659024365 0.3386768047884502 0.1509736929197274 0.6605597123645025
21 0.8025808155221535 0.3331064598355233 0.1795383184901519 0.6494827779804093
21 0.20925104876700637 0.37023319416944445 0.11321859428269357 0.5316441033467225
21 0.6817243713130464 0.3816617498188805 0.18570367216026076 0.5749609918063575
21 0.8581730769230769 0.3762019230769231 0.27884615384615385 0.37259615384615385