12 0.23909461514325608 0.5731287609404173 0.1668254051381439 0.16478456665244337
12 0.08939338964136787 0.5727917165488934 0.11497344706391835 0.14979016386701743
12 0.525598302325583 0.6341208699823837 0.2180602601655456 0.21686357470388493
12 0.9050480769230769 0.6802884615384616 0.18509615384615385 0.20673076923076922
12 0.3104683706590584 0.6778705179637096 0.22125762468410193 0.2200433925147921
12 0.11484685853423245 0.7083871578284364 0.14989816827100588 0.17158200796456505
12 0.6060625824459798 0.7872895703197984 0.2358884787389618 0.23346863136804294
12 0.9747596153846154 0.8137019230769231 0.04567307692307692 0.11298076923076923
12 0.8641826923076923 0.8221153846153846 0.2668269230769231 0.1346153846153846
12 0.9050480769230769 0.13341346153846154 0.18509615384615385 0.09375
12 0.2556849428117124 0.8507029876622082 0.20091002586109033 0.20149544314036932
12 0.7395512243092847 0.8896619224253492 0.272711091205952 0.12604781756113737
12 0.421411021211347 0.11075986195266138 0.283912591347929 0.17938745925411206
12 0.3918269230769231 0.9242788461538461 0.2403846153846154 0.1466346153846154
12 0.6602390404776106 0.1378418171919122 0.22432423480137498 0.21183994311865034
12 0.10544271579067169 0.9353524614950234 0.0981241541301079 0.1110895383746621
12 0.8942307692307693 0.9387019230769231 0.20673076923076922 0.11778846153846154
12 0.24519230769230768 0.9411057692307693 0.13942307692307693 0.11298076923076923
12 0.5757211538461539 0.9387019230769231 0.20432692307692307 0.11778846153846154
12 0.16760462440014792 0.11154400389540599 0.24446405649260355 0.21780270220910075
12 0.8822115384615384 0.23197115384615385 0.23076923076923078 0.16105769230769232
12 0.28092208275832753 0.23549282160857732 0.180477333553398 0.20030537433389145
12 0.8567506999460494 0.2893874485925341 0.2820935652241822 0.21640206047268787
12 0.06483743771474067 0.24565862748349682 0.10502760166964845 0.106701870351609
12 0.3419263678621128 0.29053570819338403 0.2965256341042682 0.15198231551569835
12 0.6367056126302646 0.3124943921238479 0.24048032316069015 0.23972326091869817
12 0.21256282802339885 0.4207063965839512 0.1783582872618343 0.21395247959990712
12 0.084342172445127 0.4192255788924991 0.12401116120055691 0.14133577316961357
12 0.7972366025215105 0.46314182517819635 0.27005288580089204 0.13128146128869142
12 0.6022778543601113 0.48531500755190154 0.21005428213646893 0.2601037305846182
12 0.05604254733509398 0.05235902424120105 0.10727740236249564 0.10443803229264256
12 0.38622364992759306 0.5146415786101504 0.2423602305065741 0.24103019006678122
12 0.9074519230769231 0.5757211538461539 0.18028846153846154 0.18509615384615385