22 0.8501407121322283 0.3677677606024232 0.12853464360809908 0.13321677285591144
22 0.24806247363734293 0.04038197326533139 0.10302609707339982 0.08076394653066278
22 0.6973090561863375 0.4608699419989329 0.13871006060300262 0.14367339462058387
22 0.7672068982493057 0.4994524358000726 0.12023211527601993 0.12411980613365368
22 0.6516004164519255 0.5264793593121094 0.08970530350369352 0.15433351537019213
22 0.5902904852584034 0.552380093090172 0.14627161930174049 0.1503139378671649
22 0.6844012381908176 0.6540788041029214 0.10902978532279278 0.11656283741762809
22 0.5726805418139662 0.6855979559916676 0.1348592772061938 0.13915119992037006
22 0.8890426186936049 0.7038256709192324 0.1304425342946434 0.13517738943678764
22 0.5186865943655273 0.7748851489156704 0.12786367802219745 0.13196227245715791
22 0.8446177603540008 0.7499940097143176 0.07571354434808561 0.2015392349743233
22 0.6822525781106104 0.8246015043856849 0.0918517204334398 0.23224820608287025
22 0.2945214525965358 0.8669799158266387 0.12076307276704139 0.12297046037856117
22 0.7906819626825569 0.8610209726665967 0.12846463956065926 0.1320148497789885
22 0.18665770828026054 0.21803080823589777 0.07030489050193182 0.20106603907784895