10 0.572781761603472 0.2666152410625565 0.11250871032508031 0.1674272878794335
10 0.25721153846153844 0.2676847874038113 0.5144230769230769 0.5353695748076226
10 0.9002343549810896 0.3682483153732595 0.09348775412035283 0.17520934726836496
10 0.5365262339267092 0.37623745076241727 0.14020838876506417 0.14579982204617126
10 0.7801809177004271 0.4062961419768882 0.10547900981944462 0.17477765149643665
10 0.676200081541987 0.4261144948462408 0.13342996142115401 0.13816465856688567
10 0.7834479712723821 0.576229432206039 0.11269004581145836 0.1494369530908371
10 0.8878733937358969 0.6924594552204925 0.10982561593936971 0.18105684643780015
10 0.7376040291113242 0.7357932520231726 0.11141818505918813 0.1463551226680299
10 0.37259615384615385 0.7139423076923077 0.6490384615384616 0.5673076923076923
10 0.7603826075544865 0.8431799601328923 0.12667950914738257 0.13173141816452316
10 0.7395153783322114 0.18822504744867727 0.3094307817971157 0.3006597280858684