12 0.5411504712621567 0.19195276798391164 0.2845566476722298 0.23714518266995868
12 0.08531894517872847 0.23799220689780093 0.15046669460452125 0.1970925092813212
12 0.7632035605633438 0.21431995450195274 0.273617108360729 0.3464705769883215
12 0.16520892480711036 0.26050440639664274 0.23947573564620944 0.3554697328594025
12 0.30513628162401063 0.26284718372712024 0.24394312302053694 0.32505154083080223
12 0.8846153846153846 0.26322115384615385 0.22596153846153846 0.3293269230769231
12 0.4104776024398634 0.03680219253785092 0.0973554892475493 0.07360438507570184
12 0.9314903846153846 0.4026442307692308 0.13221153846153846 0.18028846153846154
12 0.4058533568471626 0.4798190892152042 0.132697665106112 0.4230807526157336
12 0.5625082366749651 0.0430784161709035 0.13943955027300703 0.086156832341807
12 0.5218850754322074 0.5022740494294878 0.3241063942496832 0.3140625407595197
12 0.6625435820985076 0.5323030296079122 0.3144195979809955 0.30413236555376477
12 0.7930236475979644 0.5373854297219641 0.30674580295011905 0.2972699561583916
12 0.13649623765971755 0.5735653106257934 0.22180806609636075 0.428590532594567
12 0.29551977707574617 0.6077724019311694 0.32209339301187206 0.31099477494913796
12 0.9038461538461539 0.6310096153846154 0.1875 0.28125
12 0.7174469969577364 0.056263789095533506 0.1698699554539342 0.11252757819106701
12 0.8965923120769101 0.07131786417038012 0.1874153933845895 0.14263572834076024
12 0.10229524833790285 0.8253701100105834 0.10575163748642079 0.24349054920960247
12 0.7568725520334567 0.8302235020370028 0.23218454885640283 0.29406672573953546
12 0.39998544483627335 0.8438911324925906 0.29954689948424806 0.2886256481869919
12 0.5805260463216466 0.8412010899159534 0.24305651486886354 0.2866529604873378
12 0.1959947083552325 0.8558340781820102 0.290238313135928 0.2841041268273908
12 0.8966346153846154 0.8401442307692307 0.20192307692307693 0.2668269230769231
12 0.9807692307692307 0.8834134615384616 0.03365384615384615 0.1658653846153846