28 0.6417086659183959 0.18835416296666613 0.24937999266628555 0.24599361694746283
28 0.3828640459257422 0.2509151378021899 0.18916555618690462 0.2584029912900642
28 0.09109054278444681 0.2661265413844016 0.1685592567308323 0.2873465554121796
28 0.24804263045558786 0.3514880400989314 0.18718906442313996 0.2877801689993324
28 0.9170673076923077 0.35216346153846156 0.16105769230769232 0.3389423076923077
28 0.4981571090247042 0.4178405602657047 0.19713639612944242 0.19433789477086025
28 0.11143551234529624 0.53871130421469 0.19248323970017742 0.2158466223398507
28 0.7966995545063144 0.5275732065432153 0.19723752226212207 0.28321026478782063
28 0.35864247981597397 0.5906966975986643 0.2712111160080442 0.2693197191364319
28 0.6305289276728856 0.5915858702088136 0.2326083941045153 0.22999095350058787
28 0.9194711538461539 0.6394230769230769 0.15625 0.21153846153846154
28 0.36811280050115813 0.07482394172361098 0.168917908694624 0.14964788344722196
28 0.5165484876305524 0.7722679926073179 0.19608329009743086 0.25015738017243605
28 0.7632098180779215 0.8086283859912922 0.1791018311420804 0.22814510134094562
28 0.15263289500099841 0.8228397216218482 0.1993055917862398 0.2736508303127137
28 0.1509005002078096 0.08718088321260681 0.20564715426177305 0.17436176642521362
28 0.9158653846153846 0.8725961538461539 0.16346153846153846 0.20673076923076922
28 0.30846700375264846 0.910633041560363 0.18773659074115395 0.16589687697219582
28 0.7185479005828401 0.941986902328525 0.1710603740038475 0.08384439443482924
28 0.5210241309485274 0.10816302753258503 0.20153200125289536 0.19984446136250017
28 0.8319597263690022 0.13323520527789767 0.21284153622276408 0.26647041055579535