4 0.39322117465405937 0.2330026204988947 0.0842239693323361 0.07608882634326523
4 0.3387739502648855 0.2471311626921167 0.0570681901327278 0.058955377274694035
27 0.7172892755023498 0.24286437643087858 0.12097197712621065 0.1483022238968657
27 0.6212847159432329 0.33543663424362474 0.1864394631698359 0.13276284884112266
27 0.3573105888499277 0.5143505342540691 0.09913495280224333 0.11012283217122323
27 0.4943140189232182 0.5721659284216349 0.23200629540366763 0.23075624767702316
4 0.30067527782215087 0.04687599183041449 0.07097284916267793 0.06784711060852475
27 0.38253408272378786 0.6781309867012146 0.16926656481563362 0.16835455816436323
4 0.6205148519545571 0.6587047866922623 0.08695063474234306 0.09361482307990719
4 0.5287775008344714 0.7170345256236185 0.08931715924750705 0.07292456165815399
4 0.46602196955049713 0.7330517757425649 0.07487882665128186 0.0920327403288722
4 0.678251291597933 0.7375167699071465 0.08433647930117488 0.09101475268354656
4 0.6053546024802692 0.7483093016115364 0.08049778978475758 0.0948780910283762
4 0.5452731592844713 0.7810553626861485 0.06655580910612521 0.06509987203027816
4 0.4418173306757819 0.8161315370491017 0.053785240158119516 0.07599081340504937
4 0.5014476439506393 0.8197375046459539 0.10663198887126057 0.10715479172862666
4 0.6235779572254969 0.8182416419374245 0.08375812876103968 0.08440417576046937
4 0.5486075965353259 0.8606766221268436 0.09525158631196567 0.0793756815884275
4 0.6028739329378899 0.8998251438032663 0.09115736551157383 0.09395821550430784
4 0.4070901471037035 0.07329411863305292 0.0859216993040597 0.07503407144822817
4 0.3243677640833331 0.08246770115365519 0.08899379496855395 0.10332831981654914
4 0.3966629466397433 0.12014454101121785 0.08762678460096136 0.08770331981654914
4 0.47626011165099685 0.13059417620641417 0.07445085275146003 0.07350104475782195
4 0.33450783187143834 0.1845330505708594 0.09251702055398849 0.09585921224094979
27 0.5730743069675209 0.18563765499085674 0.19796969734665218 0.19635437098587083
4 0.44457369238041267 0.19733757504231464 0.09449289280801268 0.07752374091241411