18 0.5615022756158731 0.1532103095357687 0.21901149765488995 0.2534946740173042
18 0.26842076862198244 0.21190732423207032 0.2152372973889676 0.2268070860218532
18 0.4580098632684408 0.2072229167657191 0.2459958773876987 0.2742829483772733
18 0.6694212970748548 0.23553014822624777 0.20622005648931327 0.12295114080018191
18 0.3105744960111655 0.3703405668876496 0.26158590499798906 0.27435648287669556
18 0.688585734616869 0.3598679409992815 0.24368589312152267 0.2567078955800027
18 0.458493841078915 0.3966362023132785 0.21897009435178452 0.2726763871874448
18 0.2221033043025406 0.5262468769141246 0.2681725648128154 0.294678774252213
18 0.7808005625603044 0.5286035514851296 0.22631689800409852 0.23670451819009225
18 0.4324655664176619 0.5906118006823455 0.257274257059629 0.27040732122152566
18 0.6796770239770085 0.5836218575494884 0.23688296805504222 0.24955770199001037
18 0.46283200793879103 0.7008454305179094 0.3207552905168344 0.24741112740110083