12 0.6804766819272784 0.9054197947779764 0.20147722053566333 0.17059084720657197
12 0.807279145510006 0.9556200091196556 0.35892830154727223 0.06907156722810945
12 0.8266425220339868 0.12302808866689921 0.15500822516279555 0.24605617733379842
12 0.40206997741517575 0.14794505532979274 0.21522982874699167 0.21641776618272596
12 0.5399275045904207 0.1775867065930803 0.24439065951989364 0.24379669080202648
12 0.7101670266366447 0.21286036092888555 0.24710303184520757 0.37361836875090754
12 0.9055770050923093 0.2538499321843414 0.18029014566908957 0.2088006441267122
12 0.3035525579004218 0.352188906624897 0.22794092772241115 0.2243771154152084
12 0.38315835173580687 0.43057879174217023 0.3443041169575859 0.258178652866851
12 0.8542562553248979 0.42990411270385154 0.24561356105859963 0.2456135610585999
12 0.535145257369164 0.48529299992657676 0.40193391029720094 0.30511700928485763
12 0.11346312740997497 0.5382928687019588 0.22692625481994994 0.3181480938769916
12 0.36164792299126264 0.6267160235396526 0.22736793746632733 0.22677396874846012
12 0.79294166656469 0.741873500403991 0.3884898282573403 0.3890837969752075
12 0.44738836091664835 0.79757007173287 0.3823893062049976 0.3812013687692634