15 0.619299661017609 0.42683349309992175 0.2207114197860251 0.35115756002782805
15 0.14698584729028413 0.46431496464775496 0.2877149346937457 0.303187179089645
15 0.8581730769230769 0.41947115384615385 0.27884615384615385 0.30528846153846156
15 0.3813958102098211 0.4553051475849722 0.27805060199100934 0.29415753570718767
15 0.9278846153846154 0.5408653846153846 0.13942307692307693 0.1875
15 0.054005031520097946 0.6025342760882527 0.10159127169077903 0.2179698595351679
15 0.7598205736141475 0.6066007794389053 0.31613843789107676 0.3356462517179212
15 0.23465710742174417 0.653480866513331 0.2605706736738939 0.387353156288157
15 0.497878261267898 0.6366128885339454 0.3257992743018593 0.34407493356191693
15 0.1082741785183782 0.8371260451770449 0.20852436700301688 0.3215411788766795
15 0.6551631636861929 0.8044845489536286 0.30947891288064794 0.3268091651617124
15 0.9014423076923077 0.7908653846153846 0.19230769230769232 0.3125
15 0.355905295284069 0.8272689780787679 0.2925645825048823 0.31070680847318116