12 0.6976895144158097 0.3207701652294146 0.10429802419776298 0.10718037308789154
12 0.461284397040053 0.3351207789462954 0.0902879228488722 0.2464609737186252
12 0.8096439314758707 0.38975924179009813 0.14365127308273692 0.21824520271164508
12 0.6625311420296212 0.405881683753275 0.13115386825187214 0.18845265707254255
12 0.8763334416270491 0.4270030564787732 0.049697748863255134 0.13469002791274923
12 0.13285679388463373 0.39457456441688 0.14111334596923356 0.2054672784384613
12 0.48497395991654546 0.4676624919891728 0.11548089038247661 0.32997937189163085
12 0.8515023486010892 0.5214744283340439 0.10897107475818266 0.15661695120722913
12 0.9059626158407171 0.5612724658168785 0.13040753227092347 0.1345764278983261
12 0.7504245105855609 0.5561209783230754 0.1743121658147205 0.20059910846096848
12 0.8425999803057789 0.6535808121519213 0.12079807479076156 0.12357142191702265
12 0.650094130126212 0.6608996853482894 0.13331157866444815 0.3076233846517449
12 0.5387590167978952 0.6849844589289875 0.16207699576794765 0.2061055616256051
12 0.7841031868555276 0.7245700070333319 0.16238664763381977 0.16009440977321915
12 0.3221339683372122 0.7952933201627486 0.14051294521838725 0.14383112658607516
12 0.7068018948534396 0.18505801218076784 0.14503469420109738 0.14960782168504247
12 0.369727109476349 0.20630579047378844 0.11740824483753429 0.11669795838479322
12 0.7444470932865894 0.24392173160370229 0.13873913549149983 0.15443812499106097
12 0.5850232026109047 0.24326247248660854 0.09535248359304906 0.23076078539846853