4 0.5617649773345738 0.30010079405838674 0.10759349381391231 0.11320151406830352
5 0.2937151534290054 0.3193174658682501 0.06857994190126405 0.11933984406496884
5 0.3945927808836551 0.32786020280637673 0.06769578071455293 0.07062695742586422
4 0.6600149959503406 0.3472450775529317 0.07583693215820048 0.12757236834960808
5 0.40989612202391473 0.3822386117281198 0.06105723345584643 0.06543424285725272
5 0.5913095882163181 0.3848891544108512 0.07716122545350323 0.14867602624320184
5 0.43234107578663894 0.44821622713445436 0.07839811144996321 0.15475564567525715
4 0.6389250007553529 0.46141591559017886 0.07776218699196463 0.14871102826692187
5 0.38142676635361106 0.5256756278961603 0.08644096604133257 0.09154375093041321
5 0.4797397182245444 0.5620026036983975 0.07313939748024367 0.07695159102395922
4 0.5422117478889148 0.5631700855392159 0.1287460215864919 0.1348592772061938
4 0.3258026607875944 0.5865881217707026 0.07841559290973169 0.15776045336756483
4 0.2330797692668325 0.6220265103466505 0.09415597054420381 0.1785022367535141
5 0.6668551261096375 0.6171877415285448 0.08885530107103999 0.0934866436406775
4 0.7472511131692431 0.6353340088116111 0.1323762648609369 0.13927602011774426
5 0.5307511224771264 0.6743770450430979 0.07737060229315035 0.08140333595922956
5 0.2902756035017149 0.7040028545310746 0.08159831081410338 0.08525411935603835
4 0.4596558537570725 0.7097572838420511 0.11121674450445013 0.11641633390293074
5 0.6891042875229545 0.7168192030887255 0.09913108418809895 0.10429802419776298
4 0.6155492319777953 0.7619548345979431 0.13599601925952107 0.14188987841390982
5 0.5290107704393338 0.7669951260136146 0.07760135756209453 0.1210667974976911
5 0.30645221627524993 0.8148016440207624 0.04623248363566878 0.09881399995656182
5 0.43129837942928717 0.8339635307793222 0.06496368379463377 0.11732694730726442
5 0.4899758400973886 0.8677929478393833 0.08522855408854851 0.0896708622675888
5 0.48972731249731993 0.0844191178752966 0.06863937886447694 0.12955619021881495
5 0.5821565154939712 0.09946149853011785 0.070449256063769 0.1308631193668979
4 0.4195612560818006 0.1666043526268099 0.11148246269293119 0.1620894108260078
4 0.5383488557638707 0.1945297211610306 0.07590685799727453 0.1395915991188389
5 0.3493742219145591 0.2523953566090924 0.06322722872636942 0.12864021046687396
5 0.38294415706151647 0.2648583202038525 0.06790905452372852 0.1072856112720181