14 0.22355769230769232 0.18448256578985767 0.16887019230769232 0.36896513157971533
14 0.8846153846153846 0.19432220490589946 0.22596153846153846 0.38864440981179893
14 0.7391826923076923 0.24269170762061434 0.20432692307692307 0.4853834152412287
14 0.09134615384615384 0.3449519230769231 0.18269230769230768 0.6899038461538461
14 0.49759615384615385 0.3817655719634677 0.4561298076923077 0.4906932577514366
14 0.23798076923076922 0.46754381869824707 0.35216346153846156 0.5164690052752048
14 0.8870192307692307 0.5722087787843756 0.22115384615384615 0.3148349594692281
14 0.5492788461538461 0.7528492917196139 0.4735576923076923 0.4421340561878704
14 0.18870192307692307 0.7813741002187733 0.37740384615384615 0.4324441072547611
14 0.7391826923076923 0.8562477002690309 0.25 0.19202079030300687
14 0.05048076923076923 0.933674796040887 0.10096153846153846 0.11822733099514912
14 0.4567307692307692 0.08527453554511065 0.28365384615384615 0.1705490710902213