18 0.2950532677502898 0.8026772631533353 0.28653433401111816 0.28551611423805884
18 0.4948244589968429 0.8167777129837754 0.2396065655110719 0.2365698369588921
18 0.16568650627791154 0.8050448342553103 0.26334368367879846 0.3120127454336975
18 0.7175480769230769 0.8509615384615384 0.25240384615384615 0.2932692307692308
18 0.9038461538461539 0.8786057692307693 0.1875 0.23798076923076922
18 0.47115384615384615 0.9338942307692307 0.23076923076923078 0.12740384615384615
18 0.9891826923076923 0.9819711538461539 0.016826923076923076 0.03125
18 0.29447115384615385 0.9591346153846154 0.11298076923076923 0.07692307692307693
18 0.1955729568935982 0.11701799070978881 0.22515454893315062 0.2239068308191097
18 0.08947855390843037 0.15164321021784485 0.17835614627839919 0.30325843020218746
18 0.5634771770514367 0.18211297575608165 0.23753127717979658 0.3228004059288291
18 0.9230769230769231 0.20793269230769232 0.14903846153846154 0.2091346153846154
18 0.3254861862013833 0.21658995927825744 0.1488664840130216 0.20956275370551813
18 0.7913233082832504 0.25147555385515497 0.23409064946181685 0.2914664352283223
18 0.43857760324188744 0.29259764331412896 0.24388989362555116 0.3183006061896615
18 0.649852222280117 0.06863501017696703 0.09778136763715696 0.08128955334942838
18 0.6931180026433311 0.3679994839949937 0.23322750582674892 0.33219186867619566
18 0.23460817764237948 0.3814147343630373 0.325683652975651 0.32330920102289096
18 0.8870192307692307 0.4338942307692308 0.22115384615384615 0.2764423076923077
18 0.12609970688408131 0.4614891089261522 0.2159171050337495 0.23067052554461207
18 0.7370205850118843 0.08468483457052221 0.11346424694684551 0.10599978049194397
18 0.07384499269277171 0.4710451991471848 0.10687238805932865 0.16324424444821573
18 0.5606817181563064 0.5176997693554666 0.24539316007320922 0.24403328752195108
18 0.7260278493881202 0.5841513631703056 0.1871756579858757 0.18556876296282054
18 0.28137930104591224 0.5646405134555615 0.1694668732383245 0.1679581133478346
18 0.8704919258600342 0.11488114747947938 0.19290692864314543 0.15765945345715543
18 0.4252270187510559 0.5869271890290977 0.2385178456487047 0.29586909763206887
18 0.8461538461538461 0.6454326923076923 0.30288461538461536 0.30528846153846156
18 0.41983376213321105 0.09509039542971282 0.18582137042026828 0.15972741680897456
18 0.9471153846153846 0.6862980769230769 0.10096153846153846 0.20432692307692307
18 0.6029652106584418 0.6839306839700542 0.19638499243224536 0.3040981372072551