28 0.8102073019990341 0.1813964054639094 0.15670937277451266 0.15040654501647432
28 0.2232067040775757 0.17836987699639714 0.04799897914359551 0.046459813623567485
28 0.16617716034869476 0.18579729520357716 0.037335716912286813 0.04867484296929591
28 0.5639062354686651 0.2131952297662794 0.1275237661924642 0.17270810252167923
28 0.48459545390010444 0.24911214784872418 0.08316191809353467 0.0986984665329398
28 0.16818159374733727 0.24840219343030923 0.05559563125763135 0.05259530688026141
28 0.6257614554192569 0.3370082030425253 0.12387233604509235 0.1438304792075057
28 0.49037584349887753 0.3466777135329575 0.10423408330493827 0.09966657186496358
28 0.7709344813300384 0.4562591564630586 0.1527184898912462 0.1443339906958198
28 0.6597413764091195 0.46394441370657297 0.14384289196978764 0.1369755947168563
28 0.8746545389868517 0.47130553945435055 0.13361132551040728 0.1271923729387004
28 0.5797535317744257 0.5479802141566336 0.09276116120055687 0.13608395978963372
28 0.5260092096572659 0.7106864853857011 0.12173806944799417 0.1479952506860437
28 0.5698208442087626 0.08334557816789423 0.11364884033989292 0.11543842938238853
28 0.6395452795098939 0.7415466851851108 0.16058472156202994 0.15467621472174423
28 0.54433369003606 0.856601709536361 0.13130687194394797 0.16617095435731463
28 0.7963381234347024 0.9235703739951475 0.14076106154698045 0.1357212225265671
28 0.4879807692307692 0.9483173076923077 0.11538461538461539 0.0985576923076923