21 0.08526189640543162 0.8554256958221137 0.17052379281086325 0.21071335780883954
21 0.21693403980263565 0.18945272295497204 0.24573061146980013 0.24308387999280653
21 0.10988606256794876 0.18635470986550862 0.21977212513589753 0.2861709581925557
21 0.31008362328696626 0.2449068250958989 0.3451736728778484 0.3425537545561833
21 0.6986055304137471 0.2985450791751164 0.37583742198974285 0.3723382780168227
21 0.8461718269409549 0.3266654615598972 0.28770638512321894 0.36804801724222086
21 0.495797084390314 0.37633879797018577 0.2511417154360029 0.6870481670969876
21 0.040865384615384616 0.5805288461538461 0.08173076923076923 0.8341346153846154
21 0.8112980769230769 0.6550480769230769 0.2956730769230769 0.6850961538461539
21 0.20192525701424538 0.6523931915151311 0.40385051402849076 0.535555613799493
21 0.34134615384615385 0.6598557692307693 0.3269230769230769 0.6754807692307693
21 0.6111702592613261 0.7032826450851087 0.5058390778660247 0.5003907529639157
21 0.8301757905453003 0.7307669128849805 0.24987577452364626 0.3723451145920542