2 0.8104968288380613 0.3037780073969978 0.11319445916315975 0.11638406847545249
2 0.6841842567308323 0.32686359796405323 0.14429183805413798 0.14835771366101638
2 0.9035218658328569 0.3577086579918812 0.11632518309161564 0.12018239453247045
2 0.809981726226437 0.3577105003975373 0.1119295779681627 0.11450416112956838
2 0.6013088037076982 0.35752969913678206 0.09280373893418369 0.11627660513388445
2 0.686633904502205 0.43135388292586146 0.11259349762469821 0.11634555711020275
2 0.5299374788421706 0.4428985206150452 0.1175480922078967 0.12086037880143138
2 0.8172390663055021 0.46250887628134346 0.14772971897004303 0.1437810895448225
2 0.06384315746831305 0.4202252396427863 0.10250306770700034 0.11929663313172648
2 0.6299489266990823 0.4565029457080403 0.06058266229019875 0.1208075683334755
2 0.22129508054523614 0.43031521733821787 0.11197155004687882 0.11570608420649145
2 0.7306738998941668 0.4905400631087277 0.11692614463007746 0.1202209058977201
2 0.5145109015687191 0.5162624104267838 0.13822498338496436 0.1119919304313261
2 0.11722000013048926 0.5063928866314567 0.1045081791130441 0.10803240936195625
2 0.7543651471358681 0.5508207030269492 0.1368284671203031 0.1406840388164811
2 0.051366063372016275 0.5093681749155239 0.07066545860497575 0.1004671190618169
2 0.663690546549171 0.564197744739758 0.05865386143866621 0.11708626500695701
2 0.6036783368604492 0.5627504543686304 0.1368284671203031 0.14068403881648095
2 0.51285111516473 0.6060985502740166 0.1026213503402274 0.10551302911236085
2 0.04062126217010897 0.5794343864184911 0.04422315091266804 0.0987726189908284
2 0.15760464608474445 0.7356359618934041 0.1384691822543395 0.10181409564272971
2 0.09056788299400102 0.8764472903711277 0.12185975317391771 0.1241347660504872
2 0.8265796921651274 0.21486614031575874 0.10757594492342576 0.11002785080358948
2 0.9274725536750759 0.25371095002413846 0.1007345215674107 0.10299364886276538
2 0.7234394351491651 0.24903054737768876 0.1280849477856291 0.09635171012579183