18 0.4900439192540515 0.32410657445411484 0.18420687089473034 0.18064865368326039
18 0.28986922311634233 0.3196274369931927 0.07681690807959654 0.17678713759123696
18 0.8051119866020863 0.3604064769897707 0.1236180534660102 0.12327192499204738
18 0.9050480769230769 0.37740384615384615 0.18509615384615385 0.20192307692307693
18 0.6238768994656313 0.36899663100967756 0.15370483195622597 0.2518658399523715
18 0.19921581679752914 0.35503250590826635 0.13554762735877682 0.2017469452292468
18 0.10972847080505331 0.4216175707759001 0.16954713757215498 0.1845812953979541
18 0.7456368547821017 0.4598516349485218 0.123910633103802 0.19029960110998007
18 0.4066586843392085 0.4712204854755948 0.13767895436253894 0.2377696355132192
18 0.27007690361838876 0.4848046354046235 0.19136390552625201 0.1882452144057183
18 0.5304029671364069 0.5250958902195831 0.18946994462612649 0.18693828525763523
18 0.859476012142677 0.6040931368745057 0.15973095930785774 0.15768396139728716
18 0.25918928983318634 0.6253714856276288 0.11194590616458808 0.1824230241977629
18 0.4688703629262464 0.6447637283437069 0.18231290999460492 0.17934172453517755
18 0.7802595161340642 0.66409669970756 0.2217949286677232 0.21873646336670932
18 0.6805730456588966 0.6750432827995329 0.1888234449452946 0.1863023216954538
18 0.34288787457766723 0.6876840604509687 0.09857917220367672 0.18762759303681958
18 0.558998081728461 0.7445459306939821 0.1940865186766908 0.19259195326982864
18 0.2140475780598145 0.803431671918459 0.18679286961805808 0.1831925079319864
18 0.6023470335162198 0.11645277676095164 0.1463552596592998 0.170666028212624
18 0.4329617992540032 0.8341312506589241 0.17575683690154492 0.1717801658364396
18 0.5396634615384616 0.9615384615384616 0.11778846153846154 0.07211538461538461
18 0.49051439323649504 0.1566073882067228 0.185590946541135 0.1831225038845464
18 0.3668267433817283 0.21402080128450135 0.1683279928240774 0.2395547387229362
18 0.692712118422071 0.25095074024711617 0.18559094654113506 0.18312250388454648