10 0.7419039978823108 0.5370908306783675 0.4385457195624791 0.5823771716145623
10 0.6887256840327306 0.5589422151517751 0.34835784773905387 0.3664179738265619
10 0.5889423076923077 0.6346153846153846 0.5625 0.7259615384615384
10 0.21064253843706407 0.6398349463753306 0.42128507687412814 0.5585160465968151
10 0.2533803148411203 0.7255404569810041 0.5067606296822406 0.5472347601158544
10 0.8648332809210538 0.8264282173808126 0.2513163344023758 0.33557822094443096
10 0.7811372728051755 0.1631225667859293 0.2358023774665721 0.24090394817843713
10 0.7426197917788819 0.16546553171763828 0.17762099336531306 0.24678373036459714
10 0.021092777046713494 0.15403063991822136 0.04218555409342699 0.17340738385580837
10 0.11462854869510594 0.1757404356276801 0.13194707437692224 0.14056850472073185
10 0.4535009281814696 0.20347046101314822 0.36222891286783 0.37151046599653675
10 0.2379502717524495 0.32798156883039503 0.26567605490744584 0.27944965892182816
10 0.9132771989301419 0.38448949721725545 0.1637709066983202 0.24349412281000696