12 0.6893489385592987 0.2646774567357483 0.18718058691203346 0.16674731446313565
12 0.7707108872348242 0.3757169163652294 0.18237289460434114 0.16641112786725343
12 0.5857615909060953 0.397073561845158 0.19323656811783743 0.238597924135941
12 0.9151034103361873 0.4438403651377322 0.11432923794784272 0.2570893068423452
12 0.6718473133079272 0.5029691425710646 0.15102848620028225 0.15881726114786496
12 0.83667861200916 0.5010701362774819 0.2188890974635658 0.22958761939650046
12 0.4639085377080575 0.5861028748765584 0.14613687531120428 0.15367338224429014
12 0.6897171353599936 0.6304823053652164 0.18221250561815447 0.19160948915815265
12 0.5133910970231904 0.6632698550715819 0.15222873251552377 0.2963534068065866
12 0.8017206743204729 0.7044807828906937 0.10053114385466262 0.22311190908828438
12 0.4221227784662448 0.743058754734623 0.20239040053560095 0.21282798963539798
12 0.6669103896047932 0.7716703619166754 0.19327107923194584 0.2061880243835033
12 0.5676691820616608 0.8772879727378952 0.16751669330557398 0.1749759293705059