6 0.8918269230769231 0.8521634615384616 0.21153846153846154 0.23798076923076922
6 0.9206730769230769 0.8665865384615384 0.15384615384615385 0.17548076923076922
28 0.5844412072873708 0.8771864285814442 0.1037770423740256 0.10262135034022726
28 0.7054172415177417 0.8982105595299716 0.1169833726215915 0.08988287539930823
13 0.7728365384615384 0.11899038461538461 0.4495192307692308 0.20432692307692307
28 0.5517983234669535 0.9492445739122708 0.12731167970944654 0.09264348422224071
28 0.8954326923076923 0.9543269230769231 0.11298076923076923 0.08653846153846154
28 0.75 0.9615384615384616 0.10576923076923077 0.07211538461538461
28 0.6466346153846154 0.9783653846153846 0.1346153846153846 0.038461538461538464
28 0.9555288461538461 0.9855769230769231 0.08413461538461539 0.02403846153846154
28 0.8569711538461539 0.9807692307692307 0.0889423076923077 0.03365384615384615
19 0.1624078513704956 0.13766790869462403 0.2959695488948374 0.27432848750006306
13 0.4696524934757196 0.5767857739692968 0.49123932413722327 0.4863420198155379