12 0.12588419928781341 0.33448534164876287 0.14485581247585858 0.13983589830535953
12 0.7954045083776374 0.32812001878912345 0.241757490800928 0.23467289296471838
12 0.4488092568611747 0.38099096214843803 0.24770576131399713 0.2415669254247829
12 0.7045245358820181 0.3711798359617941 0.1920614201741344 0.30028496286012707
12 0.33884558413363064 0.3939346014690592 0.2437565996588272 0.23717122429756038
12 0.21004359066034675 0.40307839039127724 0.12307343381110851 0.31282600241774977
12 0.5897777484686167 0.3987355225634838 0.2729092794966292 0.26442984813634457
12 0.10842834250297964 0.5607618307069543 0.21685668500595928 0.225724015411947
12 0.23356770743501812 0.6280371977531686 0.2659553101491516 0.25987667171079565
12 0.7830673554532139 0.6112069538689944 0.2646062188903423 0.2580107969760803
12 0.36852658365784485 0.6460967087648672 0.27510461259704316 0.26933202562303266
12 0.6388857414661149 0.6474859417961565 0.19002554406652414 0.29000562658695045
12 0.48614339857562683 0.656687610028063 0.24505663485700765 0.23843613749381404
12 0.062418414293126605 0.7638817198973121 0.12483682858625321 0.12206412343847771
12 0.18632523330398967 0.7669461321023167 0.1971026990723013 0.13479496355590498