5 0.039098771334503894 0.1572065435907383 0.05862417447816948 0.07462943333532274
5 0.709232132407624 0.23459342147135495 0.0748501360166309 0.07595394697229677
5 0.5134165846243369 0.27830485106753383 0.07629733939669742 0.0790568667858618
5 0.5882055741355046 0.30231853661807745 0.08325130874417506 0.0838032142220079
5 0.3024176405697493 0.2968985857914206 0.08380321422200797 0.08325130874417506
5 0.7792865673783559 0.3907451109840147 0.08336170967634998 0.07784265489802121
5 0.2964076284529681 0.41341158975353676 0.06394700501398351 0.06670653240314796
5 0.6585785263596778 0.5647545951280897 0.08980054079570564 0.09090435175137138
5 0.22456160584735463 0.5424591610790883 0.07514447238040298 0.07955971620306593
5 0.12360006738581616 0.5342177428934722 0.07475202389537369 0.07475202389537362
15 0.410393501419897 0.5958337419717417 0.3874104890577627 0.3874104890577627
5 0.733195670884083 0.630541252007169 0.06430268624930154 0.06375078077146877
5 0.7756798063171721 0.6829596860412498 0.07819833613333944 0.08040595804467078
15 0.6052517121481142 0.759785245941318 0.317809549894482 0.317257644416649
5 0.7884100028248736 0.7950328685588679 0.07944931527089129 0.08110503170438986
5 0.40970592310676407 0.8214274095700858 0.09129680023640073 0.09460823310339787
5 0.4761549855788926 0.8602811981505708 0.08819388042283577 0.09316102972333176
5 0.5348773713613608 0.906861663420716 0.08905241107535826 0.08905241107535826
5 0.640744714251849 0.9166974531682844 0.095049737649056 0.09670545408255457
5 0.7524038461538461 0.9891826923076923 0.125 0.016826923076923076
5 0.24401456550505388 0.12259536038182224 0.09216761969984073 0.08333713205451482
5 0.7390841834542692 0.17614059606474072 0.07902009953615054 0.06853389545732608
5 0.5242342890488104 0.162184295590447 0.08464945606361268 0.0863051724971114