12 0.3055462855297163 0.19332555493364667 0.20662677062924203 0.2066181536615412
12 0.8497596153846154 0.22235576923076922 0.2956730769230769 0.2620192307692308
12 0.14192885920152276 0.29454227946882416 0.24940873155010437 0.3043061617238424
12 0.7738161652327009 0.2903120816872481 0.2524834124215583 0.2775429086828326
12 0.5601658069540288 0.34498011791873484 0.322409877566233 0.3223285199548508
12 0.33475772670869297 0.42325473713359885 0.20838930147372076 0.29952217795704017
12 0.8494709106397493 0.5296003408537154 0.2329212612090758 0.2805945726693053
12 0.7247933006644535 0.5983888508528599 0.24430009787176735 0.32735863946292293
12 0.17717851397052725 0.6375222349469853 0.2493711413876827 0.2570052103039805
12 0.4116914179231639 0.6636749153295494 0.3043729606582056 0.33983826288812036
12 0.788521979541133 0.8021794500911541 0.2987108687636662 0.2981969066156744
12 0.2829279184200834 0.8569615427261698 0.27433387569213796 0.27282836817585504
12 0.5502940006105029 0.8498341057329769 0.2772697314081274 0.2532416515726641
12 0.6459234268961016 0.09509579630297312 0.2364589996663548 0.19019159260594623
12 0.47543483604509224 0.1311044495481758 0.2967154273220328 0.2622088990963516