2 0.28953679367297896 0.20462225127110958 0.24602482585486277 0.26636004744509834
2 0.680056904914368 0.1907646580163219 0.25156633879525714 0.2896380904522949
2 0.4402868355584542 0.31125050860807 0.3097892815093778 0.1790609690092889
2 0.16003597370206274 0.3689664020917983 0.2723762299563743 0.2528935141127598
2 0.8774441989469917 0.3344319272396309 0.23697543985840278 0.25961459115105295
2 0.6766391340939492 0.3652397284126827 0.2429920478269255 0.2613070748342628
2 0.4539826837551617 0.43507316315298195 0.22788759465045197 0.24625855793393073
2 0.7756365578326581 0.4881060377329393 0.19347935078975617 0.32033638334054493
2 0.092494831188622 0.5704722545419278 0.184989662377244 0.308574721685375
2 0.2585858720706983 0.5687557883351317 0.23151084534098965 0.24955770199001037
2 0.4686427071759408 0.5996630901920212 0.2684387136675784 0.2988241601498976
2 0.6614880270893533 0.6980497309772826 0.26234518727607425 0.28391052262053407
2 0.2898350707155488 0.772837530291953 0.24177963587414128 0.25940607809762095
2 0.476275403382222 0.12378640800616846 0.24843566459261623 0.2475728160123369