2 0.2713391969302704 0.22931809234685133 0.2605146034247443 0.3873076205442293
2 0.7757825840989996 0.23999975395384118 0.3226944170198749 0.3045711482458373
2 0.6820727050744149 0.03199629137489084 0.12563824369732401 0.049496465657586655
2 0.12128380370092054 0.2731031077094398 0.24256760740184108 0.2865908308034949
2 0.8808217851820275 0.33024272627670764 0.19431633850095792 0.30607949233094295
2 0.4514124819652178 0.043748110830906246 0.11159811299264123 0.07815381334769164
2 0.4352532779989596 0.38400422672964746 0.2218074428760611 0.39946628669269113
2 0.6844335914362925 0.3977305477892263 0.1224817290191654 0.22178362103999932
2 0.5618072524726594 0.047438635974122345 0.10294799505468132 0.0828566133464679
2 0.27297431183077475 0.44587403081083726 0.18311537488611748 0.23749994874038358
2 0.5277999355137599 0.4644779723840525 0.20134501468887633 0.2641310625887402
2 0.7879782898046054 0.5553231693433515 0.16445654101845536 0.1418142005337053
2 0.10727740663440867 0.5639125497600692 0.21455481326881734 0.38263279182783067
2 0.26355617234361134 0.6177909877344037 0.26046835557823567 0.3470781615702783
2 0.8652642524583689 0.6308074093546097 0.1896169441491607 0.25198596104881005
2 0.09014423076923077 0.06835661539685259 0.18028846153846154 0.13671323079370518
2 0.6472055805774329 0.6667655180433523 0.19542931440555505 0.4237770472016773
2 0.467790599727517 0.7007673210962905 0.23089146234174068 0.21824162925989382
2 0.7602580753093735 0.730636110879855 0.3201084182965471 0.3021393308096135
2 0.2167500590282295 0.8385951928585297 0.20031556878965012 0.23469793284531365
2 0.8715428384723769 0.8654621221783857 0.13370746058453 0.1480611507858733
2 0.08173076923076923 0.8629807692307693 0.16346153846153846 0.2692307692307692
2 0.3509638563457887 0.8930881569798574 0.1913183673838816 0.1793535287420969
2 0.0077508991286001794 0.8886547087230068 0.015501798257200359 0.2196171097537058
2 0.5096153846153846 0.8966346153846154 0.3076923076923077 0.20192307692307693
2 0.7980769230769231 0.9038461538461539 0.21634615384615385 0.1875
2 0.9039537420979109 0.10435111602111319 0.18655621321855959 0.1798985477158031
2 0.21514423076923078 0.9495192307692307 0.12259615384615384 0.09615384615384616
2 0.24965220682805309 0.10275254259901938 0.2891571248054323 0.20270795696027802
2 0.4574565406921423 0.154492861602095 0.1992129779809759 0.18845186566615268
2 0.6208807969948185 0.2045137888042618 0.2785958242961924 0.2614273672146487