10 0.9747596153846154 0.07009704814640313 0.046274038461538464 0.07313034810749074
10 0.20072115384615385 0.39402856791480995 0.3683894230769231 0.3337779036649287
10 0.6838942307692307 0.41570903586635155 0.3010817307692308 0.31219669802606104
10 0.44471153846153844 0.408558515278782 0.30288461538461536 0.34711542537490436
10 0.8245192307692307 0.08648515369151315 0.30228365384615385 0.12533963164323864
10 0.07451923076923077 0.5747176534957792 0.1484375 0.22092874402912357
10 0.5540865384615384 0.6263202821342495 0.22596153846153846 0.17856382772169288
10 0.8725961538461539 0.637442882994001 0.25 0.30921096160370626
10 0.3076923076923077 0.6453602367666916 0.3659855769230769 0.3192708825844198
10 0.8016826923076923 0.6986684534266776 0.39242788461538464 0.40673272985463416
10 0.3004807692307692 0.09823340429439537 0.20673076923076922 0.1826999667699286
10 0.6322115384615384 0.7925100057123309 0.27403846153846156 0.25716578779341176
10 0.10336538461538461 0.08413844492342584 0.20673076923076922 0.16767592830839015
10 0.11658653846153846 0.84541744548161 0.23317307692307693 0.25333489096322
10 0.20793269230769232 0.9050480769230769 0.2668269230769231 0.18509615384615385
10 0.8882211538461539 0.9483173076923077 0.16105769230769232 0.0985576923076923
10 0.6538461538461539 0.9375 0.1971153846153846 0.1201923076923077
10 0.6346153846153846 0.16759394986976298 0.2938701923076923 0.22180063478453407
10 0.8653846153846154 0.21771989667555094 0.2644230769230769 0.2784646265482987