4 0.4204243161089745 0.14908378672328412 0.18877537803894248 0.18604102669171213
4 0.7616315995434829 0.19871480010279247 0.12114798230275116 0.27477312873353077
4 0.201843171468857 0.2054186451549638 0.20074217595456761 0.3646175102825163
4 0.43090793283771384 0.23812399390391342 0.145773417844605 0.2744588728394397
4 0.5730705567563036 0.2541973764872692 0.24045907528568394 0.2383111159293342
4 0.7292935866252138 0.3064822934313941 0.20723783777994134 0.20488061900185187
4 0.9050480769230769 0.36778846153846156 0.18509615384615385 0.34615384615384615
4 0.29020302738349396 0.4395567313200682 0.1666372113918271 0.16415466976569826
4 0.6749313172184833 0.5005085354746812 0.30256893171231336 0.2997145061939842
4 0.5127556270442846 0.5022262431449619 0.12117394749479178 0.17263763847744684
4 0.37610007218685937 0.5162568800494383 0.2552038655153581 0.25230105900821526
4 0.05882135988835518 0.5654353005190207 0.0995148743267097 0.3520244471918876
4 0.8422813904293276 0.6694778903686662 0.22297926028621837 0.44237930464426445
4 0.25233399009011814 0.7226931087499285 0.20057382306420968 0.33157161848772615
4 0.5921864108893697 0.09460733443908723 0.208411283317201 0.17785832823286585
4 0.6442307692307693 0.8137019230769231 0.22596153846153846 0.36778846153846156
4 0.43024859042297076 0.8293023200558017 0.30192600756864346 0.2979046287580053
4 0.1085258617285798 0.8940497979606288 0.18034843143493606 0.21117651899818066