3 0.6211836518968593 0.27541734335170115 0.3806367141782937 0.26566665187956673
3 0.1341320949706247 0.29678134502281694 0.23694746952277315 0.2479229864657164
3 0.3329940228525601 0.4202184740624621 0.27864806723751717 0.29036056865954446
3 0.8891767337760191 0.5022675146971353 0.18029315986313924 0.32005114810520613
3 0.09987768795589173 0.5004834777160763 0.19975537591178347 0.2557746477398449
3 0.5508419795285057 0.5867307527037043 0.22091380404176503 0.28012550447013823
3 0.2776488192876899 0.6337300725387399 0.23271976100182018 0.2440967518172902
3 0.7856287406238928 0.7348941237848053 0.3088845432485189 0.2210533551640127
3 0.09912948147780011 0.7420700161776147 0.19825896295560022 0.22452464773984487
3 0.436413745428905 0.8296077584097069 0.2883263851080683 0.3016817973064967
3 0.6262019230769231 0.9206730769230769 0.24278846153846154 0.15384615384615385
3 0.27163461538461536 0.9158653846153846 0.30288461538461536 0.16346153846153846
3 0.46930860535744245 0.1352060597351792 0.24888278928511512 0.2341298107359453
3 0.24909795667594561 0.1681500217438372 0.27684867891408627 0.2908670450190102