22 0.29509670261629395 0.28297019309674176 0.07727875421471339 0.10091969482289283
22 0.5218649869583764 0.3524204979222254 0.07796202949000794 0.07695469520311704
22 0.35074406629926336 0.3550814875686842 0.08236469189375442 0.08133283711594813
22 0.4336767586069557 0.3584607358282326 0.09748752465438766 0.09694457092697342
22 0.5956004911895441 0.37228384697149636 0.09683058264892161 0.09571816054382168
22 0.22414696602596115 0.41013325633174386 0.11020651126117474 0.11245835551308403
22 0.7510634507241334 0.4472581112004653 0.0917709782397088 0.09011360824783884
22 0.47503933957068567 0.45286984802468405 0.07347871031310213 0.12235841175767935
22 0.5354417290216905 0.4745983224907718 0.08550945075357333 0.08446008133939892
22 0.35870305624699367 0.4686009775364829 0.05164650633029721 0.09147776642282952
22 0.2121770878690397 0.5120028701954621 0.10372106190702109 0.10199713629695167
22 0.554751498061945 0.5512499939736129 0.07921993303393539 0.07820559289249747
22 0.34631498155121226 0.5535946937108207 0.09905332076683998 0.1048060455394305
22 0.4801169924313577 0.6023980556877179 0.09934638973677679 0.09821995592258212
22 0.6307755735856022 0.6253957799342513 0.0994583506707858 0.10062380207642835
22 0.5419715600971321 0.6446571716864123 0.10865553874731035 0.11779354744055198
22 0.3595295075426709 0.6576946975130638 0.07206603200307526 0.10490603983606607
22 0.4175280508398295 0.6793252227542369 0.1044339843794915 0.10442546975702663