5 0.8468751683431622 0.2141819916801946 0.04373182436557162 0.07470209304285068
5 0.8708286997321579 0.2675578512390996 0.055359404152858144 0.05878593281333547
27 0.667172173399519 0.3057862818218312 0.15541627506060388 0.25953611283484346
5 0.8078521186007476 0.3443181263762644 0.05225668371506432 0.05435151133225265
5 0.8124350054082795 0.40516082187563734 0.046974420154060025 0.08514612990854868
5 0.195007204964476 0.5911238803012568 0.04916795081233978 0.05051805138963157
5 0.6337091280413991 0.5578810363708693 0.05106874817321046 0.054861396585973395
5 0.16490217296207207 0.6473962495965743 0.04373182436557163 0.07470209304285075
5 0.22483047638739262 0.6500539738210733 0.04919592588247868 0.05171997446655478
5 0.23550690378995665 0.706835518665973 0.04799400280555561 0.051628898181813994
5 0.27025077274017034 0.7090019987161824 0.04184501453977036 0.07095970938497012
5 0.30149876286207195 0.8098172473588251 0.046946445083920985 0.08394420683162561
5 0.3548859245701382 0.8357668914685666 0.04427683576375548 0.07234378503137479
5 0.5500160841447108 0.8545753032096643 0.04187298960990933 0.07216163246189321
5 0.3528437444499992 0.9235072760839512 0.044486648789796954 0.08135820810829787
27 0.6315661019702457 0.1095269967213821 0.1413149114441241 0.2190539934427642
27 0.77132387479594 0.11471397441728048 0.22754514474153326 0.22942794883456097