22 0.24315370077179727 0.39045380931386553 0.2028771818958843 0.30851932692180944
22 0.11038212993073973 0.39776143294114436 0.12631654026806713 0.23093843281640916
22 0.7253585753011609 0.43616822177308623 0.2207256515835234 0.2541989707153718
22 0.11815243899966305 0.6214240234755688 0.2363048779993261 0.2561876304927854
22 0.8721935917081117 0.6625162069118518 0.18752146539042924 0.2097937974513459
22 0.753285065410612 0.6796909708986724 0.26523180745339714 0.25557617913165076
22 0.46286341362075684 0.7083097021693787 0.22767495526096992 0.21889958728623918
22 0.6030920978770076 0.7588832030425253 0.1433766232405847 0.2558505912828355
22 0.14785512218336605 0.7665778971015804 0.1679401151348454 0.26528460726668723
22 0.8161057692307693 0.8930288461538461 0.23798076923076922 0.2091346153846154
22 0.3713942307692308 0.9411057692307693 0.12740384615384615 0.11298076923076923
22 0.19951923076923078 0.9591346153846154 0.1346153846153846 0.07692307692307693
22 0.7631059758673946 0.18055721965005278 0.23657844513151088 0.22745990634212557
22 0.11526943740585614 0.16924919080833487 0.20469248156932923 0.22630298420198403
22 0.36852518639942594 0.17968551136104394 0.2696485503649477 0.2592553771211324
22 0.6287243119352197 0.21550907404656244 0.16960835800295754 0.3145424737751868
22 0.8795999233158335 0.2668107792146561 0.1323665240240097 0.2832745357759291