2 0.3725481887989811 0.326840768626487 0.216578351874048 0.24693655669962886
2 0.7256192370505937 0.33250235752603136 0.1600024414974481 0.1498985493590715
2 0.4891593048823547 0.34194911877248896 0.35040854197024957 0.3264037321322746
2 0.6002515645534824 0.4099350917191989 0.15974467401730436 0.2129680442699498
2 0.21840809532122105 0.44739588932682994 0.19760535012342262 0.18375518044623226
2 0.7145571449703498 0.48274973472532334 0.15839538439241244 0.2700244275042589
2 0.8213320745739892 0.4857759208469279 0.14698960233864364 0.20388369535395265
2 0.5478826824952374 0.5948144754642234 0.1629826715679205 0.1643321151580094
2 0.11099593284461647 0.5994877059673762 0.1934968306584906 0.15549949926267884
2 0.21718238808679452 0.6686476316553798 0.22344639872814442 0.27220491165064303
2 0.35694895661731363 0.6947131411718372 0.20628827285469675 0.2901253727539246
2 0.7023179058011011 0.7063423899525526 0.29194372530184237 0.27981153110294943
2 0.4938702736313699 0.7556344199190641 0.25285684604609016 0.2351340960315276