10 0.27479070492943786 0.15694966252590395 0.3383743303021275 0.2986378283400607
10 0.588600091347929 0.19375978585954665 0.25472422115739646 0.33917465513287437
10 0.4575904759633136 0.1868938628525136 0.1540592381236338 0.1422371890543846
10 0.8775237661924643 0.21608895296042394 0.1029551374975157 0.10182551229841924
10 0.7119503309907151 0.24933764394645064 0.20910763951358777 0.20681330758747263
10 0.11482378754578834 0.31507237327326953 0.19515476972768878 0.19470214704406708
10 0.9086538461538461 0.3762019230769231 0.1778846153846154 0.25721153846153844
10 0.4437333139534893 0.40058932087714105 0.22385402766419682 0.22196077088285124
10 0.26165718810517746 0.40063020735427773 0.31650057597183257 0.3124650545343182
10 0.8942307692307693 0.5408653846153846 0.20673076923076922 0.25
10 0.6356379086946659 0.5352268091347196 0.3856944039739339 0.3921571413031195
10 0.378148719922198 0.5361070104017222 0.1508770939106117 0.14865879561946976
10 0.42161164879177687 0.09277103294617224 0.17014637450663067 0.1502675990672206
10 0.20366740378226586 0.6359705023828047 0.34879753238492867 0.358479466304071
10 0.31481392658375384 0.6693468340111183 0.25838556446460575 0.2561134271816998
10 0.7425251103302385 0.10958939480743665 0.12341827041627668 0.12206412343847771
10 0.953125 0.8016826923076923 0.0889423076923077 0.17067307692307693
10 0.8221153846153846 0.8233173076923077 0.35096153846153844 0.3485576923076923
10 0.22181616997473017 0.8070215200218651 0.13673166729846417 0.13354282738375645
10 0.7194893465513835 0.8343013525016476 0.2130214996663548 0.21180997025315662
10 0.3495585476616428 0.8376739440900375 0.15074633950932823 0.1372720214483659
10 0.5336538461538461 0.8341346153846154 0.375 0.3269230769230769
10 0.23480441322372947 0.8975436915070794 0.14139338489933867 0.11282412413425537
10 0.7512019230769231 0.9098557692307693 0.2620192307692308 0.17548076923076922
10 0.3004807692307692 0.9543269230769231 0.12980769230769232 0.08653846153846154