22 0.3045455384248269 0.2758034815163746 0.07385617591073365 0.09922599931268888
22 0.5334135640576944 0.3399067476236938 0.065875848216468 0.08466655469486034
22 0.36262860200510705 0.34654302259988745 0.07607121590853097 0.08304199706492017
22 0.4455612943127993 0.3479906181287902 0.09423292565367064 0.0947749609758857
22 0.607736995850282 0.3580344087120947 0.08292654155241189 0.1041910389604794
22 0.2381312430225899 0.40447827297536054 0.10761491437349584 0.10882785245931167
22 0.7655936604563661 0.42931333728243687 0.08874735078097838 0.08806997564874991
22 0.4901574768643383 0.44133592157503077 0.09543484873059373 0.09479594062123198
22 0.5512317835283944 0.4616366527184672 0.07317130052513932 0.09200397102847724
22 0.3745351055795133 0.45975456792946723 0.06871282821451011 0.07029592688514932
22 0.22973092506000314 0.5065158566417435 0.0979226087315728 0.10204943837346346
22 0.5731872265950383 0.5377564198262029 0.07659525642045409 0.07644190996451651
22 0.3651286635166467 0.5449442488735807 0.09908956770552389 0.09906561032650202
22 0.5004424881261575 0.5905841795669565 0.08417042155290147 0.1078177878365949
22 0.651688996841822 0.610054537957528 0.07707076822087335 0.11730729457990098
22 0.56368288504385 0.6313595623087781 0.10468702770772663 0.11538598026902246
22 0.38195474452825573 0.6486243281691616 0.06849647180874066 0.10333832167786082
22 0.4406252050384657 0.6688831000219052 0.07598073027346075 0.12690169954993935