18 0.15144230769230768 0.25786984264657004 0.10036057692307693 0.14943179285277886
18 0.05048076923076923 0.26223866549757463 0.10096153846153846 0.16870810022591848
18 0.4423076923076923 0.3928910727846099 0.1015625 0.14531613836828888
18 0.6189903846153846 0.4315196712568902 0.17608173076923078 0.18882344494529454
18 0.17668269230769232 0.060263213856895786 0.12319711538461539 0.10308531918593074
18 0.4987980769230769 0.5089505043212731 0.1201923076923077 0.17317012847407873
18 0.37259615384615385 0.523425955961952 0.1388221153846154 0.14994238781063793
18 0.6526442307692307 0.6239736533834784 0.15564903846153846 0.16684245579700901
18 0.4807692307692308 0.6782574369732381 0.1502403846153846 0.16102395866952163
18 0.29447115384615385 0.6833713820691852 0.11838942307692307 0.17784120635465983
18 0.4651442307692308 0.833323445271608 0.12740384615384615 0.15929350925944655
18 0.057692307692307696 0.09691973859063473 0.11538461538461539 0.17941640025819255