8 0.6412269572971099 0.1511823626417081 0.10926273527303793 0.2054882517475604
8 0.4961370872766182 0.16213436126708586 0.12383887124864976 0.12106736950467975
8 0.9423076923076923 0.15985576923076922 0.11057692307692307 0.13701923076923078
8 0.7442229872473443 0.16983178509495508 0.15130964580255907 0.14676930631768548
8 0.06601799181003581 0.20331990010029516 0.11652120327531255 0.23624218843583095
8 0.2938670979228985 0.2161816702067457 0.10616202342753694 0.1736058207410793
8 0.1849328694350135 0.22890812562557722 0.10211752775637378 0.13329943837346334
8 0.4150878724768079 0.2393240902874888 0.09155835931532699 0.12470764984955725
8 0.9143981377589646 0.2727058248063805 0.11037997531402155 0.18869279813865703
8 0.5936805746703319 0.28311508242156574 0.18515734533451322 0.18159056443434643
8 0.7055308376711428 0.31243495504969554 0.16066689116668278 0.1553401151962452
8 0.49529224843451886 0.3185102391391644 0.14327676004650167 0.14122428477677987
8 0.3776996853458862 0.3253739366908054 0.13829765659520904 0.13693363542616355
8 0.2306467406836633 0.34718520229918365 0.16261669961943917 0.15897735389503403
8 0.8244946899085778 0.3392251036519006 0.17264836844071033 0.16936153721165148
8 0.12230020754526504 0.3743347346410921 0.17012208575572096 0.1663147702286509
8 0.9579326923076923 0.4375 0.07932692307692307 0.19230769230769232
8 0.3197767665389156 0.46831278097108847 0.14948227388094595 0.14613687531120428
8 0.7734894618884022 0.4748265315985668 0.15698766001722766 0.1534742916448213
8 0.436999974962398 0.48190275537248617 0.14385323427873467 0.14063381306099168
8 0.6401739495748552 0.479559118385865 0.1084546541674937 0.1856565209783297
8 0.5468647210869702 0.49201283841519317 0.14262682389558293 0.14001187187718364
8 0.07951254261372218 0.504981612762641 0.1239592627080718 0.15349831293625643
8 0.190040491078188 0.5018495623138477 0.15383592848754846 0.14981607330068605
8 0.785808729101964 0.044066242666102734 0.10127373822734717 0.08813248533220547
8 0.8909799856086783 0.5244951779530033 0.11851081029499337 0.19664166583340867
8 0.0888892429364083 0.05618177322736579 0.115634574348992 0.11131561719454343
8 0.7236371823326926 0.6092050568229634 0.16822125191542187 0.1638794546067851
8 0.3789301323180556 0.621235830422 0.11882914527596547 0.20445416583340867
8 0.26994692921771346 0.6327603627639085 0.14577855542526225 0.1436700902213188
8 0.11735167306093991 0.6366267007998263 0.14265131120181154 0.14061283341564518
8 0.6072689845554906 0.6461168312976814 0.14505515735565774 0.14065479270633793
8 0.26836757829760455 0.0626711906861345 0.11137886896730406 0.11004026535890789
8 0.5018915506859176 0.6575784247035507 0.16139028923628757 0.1583554127112259
8 0.8422316799049773 0.6564488773782073 0.14705394042087122 0.14549395448204988
8 0.9186569375254465 0.06097792270525226 0.11135233658935452 0.12195584541050453
8 0.9555288461538461 0.7079326923076923 0.08413461538461539 0.21394230769230768
8 0.4610670675049547 0.06892983204609268 0.12634066662741034 0.12351317494921872
8 0.20356157425982407 0.7746441414846933 0.12642125951990787 0.19918187968200676
8 0.17996399134232632 0.07744483828792309 0.1295168854633184 0.12777235483181554
8 0.4475744011097162 0.8004543300477944 0.1358631879199711 0.22456912181481614
8 0.6771906834144812 0.797649140863552 0.17259939382825296 0.16815961413472827
8 0.32281927417200235 0.808645828548437 0.12593151339533565 0.18716264891277573
8 0.7930650449236687 0.8076543256795271 0.12389293176319754 0.22556124843827519
8 0.5733579949090318 0.8175032161625364 0.1563622111725376 0.1528628402836865
8 0.09408453489146747 0.8330856331172947 0.12845575100860376 0.2196355516350453
8 0.9066069771259749 0.8489724494315412 0.11784556288337865 0.23926797577348516
8 0.9735576923076923 0.8978365384615384 0.04807692307692308 0.17067307692307693
8 0.26458006545578083 0.9143040777987583 0.14888131234248453 0.14612638548853105
8 0.38665994079941274 0.9290120566956934 0.11461528353292298 0.13051491695729295
8 0.5021425054089426 0.9294018568962836 0.11670079470579718 0.12274437624798597
8 0.736615454633857 0.9277146722075789 0.12191355010212217 0.11803109234435255
8 0.14556314846244656 0.9452481961795537 0.11243386820685543 0.10645547577348516
8 0.6216716107613567 0.9405460258531424 0.10718540438704813 0.09555424949979169
8 0.5556006613042702 0.08947615767219005 0.09701189763049592 0.1789523153443801
8 0.3682475851416419 0.09340278284465153 0.11569067993526097 0.1863833603888697
8 0.8460701588765549 0.13076792021054798 0.14820688888533723 0.1443130110504733