5 0.03185670584667723 0.15612551839713584 0.05533998198950389 0.07246738294811784
5 0.7009234061115127 0.20619194138489097 0.07852564951720763 0.06621084942949523
5 0.502300856201161 0.2581093349506884 0.07403274779988568 0.07502937405658947
5 0.5762477450742095 0.27912563246442523 0.08774993298771086 0.07258777440753986
5 0.2896177108703347 0.2854495462409948 0.08137020249757228 0.07892899096210211
5 0.7639041957220419 0.3599850304751454 0.07770147514872888 0.07697918250934585
5 0.2781059745845069 0.4026013378175124 0.06337569481952104 0.061992897543010766
5 0.6345505881520049 0.539547053113633 0.09167049280885045 0.08174912132183465
5 0.19991612717172746 0.5350393972502716 0.07169185976411356 0.07673430944705964
5 0.09895458871018901 0.5309255298038648 0.0715239714492494 0.07192661713936734
15 0.3839515413829485 0.5809450768053082 0.3706807563804577 0.37276751143532966
5 0.7063607305493455 0.6024837344823057 0.06271177516298547 0.06016552562139747
5 0.7465431242382418 0.6533297682347831 0.07587760449398655 0.07630475905219843
15 0.5718483868360456 0.7374276794372677 0.3389099094606178 0.2706550695810466
5 0.754052296789603 0.765255538226001 0.0736206606156463 0.08041354059651476
5 0.3726534950295114 0.807324944544454 0.08835852812909359 0.09001565902292441
5 0.4375306363104837 0.8435744451585332 0.08647169935627688 0.08753835095039236
5 0.4942881206040068 0.8878945850238732 0.08520681816127972 0.08568649172255068
5 0.6000993234519536 0.893406273997032 0.09086730447972982 0.0931184159401468
5 0.7067307692307693 0.9759615384615384 0.1201923076923077 0.04326923076923077
5 0.23918652184650277 0.11296440865700055 0.08860272699846873 0.07982380017530694
5 0.7336385993277639 0.14631412822307358 0.07610081732400349 0.06551193866611928
5 0.5186202847946813 0.14115344182399966 0.08091614323461685 0.08311123442510421