2 0.4254666718098633 0.24176409505352423 0.16149974277037607 0.16182515600420283
2 0.4710341818741653 0.2991644533321963 0.22037138657394723 0.08297466841298291
2 0.8450885664461116 0.3210375065309346 0.14462059705168073 0.1290114103344979
2 0.6777293882935993 0.3474456888008615 0.1857600707216024 0.1466157102677689
2 0.46788287816414 0.3693381281767317 0.16319818210221618 0.09846983521452753
2 0.331621837646303 0.41184958833801777 0.18503039457109088 0.18548565344152015
2 0.5938510805578533 0.39866440231990086 0.16032689458195046 0.1725269296007614
2 0.1554291736706898 0.43158539125990253 0.18252154234608486 0.18352872336513654
2 0.8826389307157012 0.42720799246102514 0.19146003424034538 0.19308230555555597
2 0.490158262670929 0.48251952498793077 0.16400859499538206 0.16378208608058648
2 0.7762741047556161 0.48589975324416995 0.19781966986216032 0.19947703459266874
2 0.3017007929724303 0.5609489310986164 0.23025381153341584 0.23209015268194394
2 0.7263178050930308 0.560279237655108 0.24039422650459957 0.24172075760286277
2 0.5634625945175612 0.6225910667717283 0.20286108285306254 0.1626795555910503
2 0.7482431693626204 0.6674510190816917 0.15507010310112135 0.154228503890167