22 0.8040303798455817 0.4590947442691246 0.12710423840369026 0.12542163593018169
22 0.24289710854512297 0.0549857604621797 0.10189018705813414 0.09962174991201932
22 0.6428837459463612 0.5347569331578531 0.07872439364926392 0.19513216945267084
22 0.7081201609748867 0.5807946909317848 0.07191622812799746 0.1649582047139691
22 0.5907498959752853 0.5949080322052356 0.11892786536816101 0.11742729797427892
22 0.5272982280362087 0.6138860208657057 0.14465890755167196 0.14143828691212607
22 0.6099443901541833 0.7253032009858446 0.1077746748738264 0.1099639838814904
22 0.4959559725173329 0.7443081597774042 0.13336576588982602 0.13097016512703
22 0.8075306378480848 0.7972827300067316 0.1289910937195817 0.12726648315077463
22 0.4331431090577868 0.827071996725214 0.07029610851221431 0.1817291776506145
22 0.7586963215029271 0.8382590099636225 0.1364545442826404 0.13284298741776177
22 0.5901442307692307 0.8882211538461539 0.09375 0.21875
22 0.20141889642213182 0.8938721180142095 0.11944485620611586 0.11563840089396393
22 0.6935096153846154 0.9326923076923077 0.10817307692307693 0.12980769230769232
22 0.16221671247804897 0.23720148702307706 0.13448371826624234 0.1291952555817843