18 0.8566756272858844 0.39315980760338387 0.1854878088668517 0.24907725185223514
18 0.19436685665759895 0.38717242545972785 0.2024003568880316 0.316983350293568
18 0.4940623321861437 0.5105891112608048 0.14278257402028827 0.2977023679675733
18 0.7275297454729925 0.5264149636417061 0.27045637728215427 0.263702906359222
18 0.33749341820053663 0.5131547133208068 0.20903561061598502 0.2736485740001856
18 0.9447115384615384 0.5889423076923077 0.10576923076923077 0.3557692307692308
18 0.6008370634237 0.5724336560192885 0.23041226015437374 0.3962421724415183
18 0.8477706133107217 0.6799206128429968 0.22654902099258523 0.37090730264713795
18 0.1858788687893006 0.6643808362032868 0.28698886481226393 0.29030013394503507
18 0.38184128720534943 0.7045703223385866 0.2405303950039211 0.4248968005248595
18 0.5943852492121364 0.7719579975981614 0.18644395572542402 0.3927411100090292
18 0.7402101916387752 0.8430297646367623 0.24170843474029924 0.2340719314262566
18 0.7970460515224308 0.2344531929494913 0.29575800758604376 0.28776775214770656
18 0.6285803981446025 0.28187300038127266 0.23785738520638672 0.23087815337595738