18 0.5996431820022244 0.4162798010238718 0.22298967746909126 0.21887647146158906
18 0.46633903710406865 0.4242043558054846 0.25265102781361537 0.24933271839886031
18 0.695259241595947 0.46408744060624996 0.1170232450563217 0.1157453683170294
18 0.29272432746702187 0.4563310887613288 0.194777991827699 0.25194713748264136
18 0.8092991105970332 0.49003859839124814 0.18858764814947493 0.2575717306063373
18 0.20956476520375306 0.47200350584310896 0.19233652067007007 0.19135502816918568
18 0.5990219087595702 0.6322640803623811 0.21007504190678183 0.29952217795704017
18 0.7710902720488465 0.6567677401168014 0.16957139386183465 0.19960533385949256
18 0.2901529479816745 0.631169967294694 0.2636237938081966 0.2607450604944069
18 0.43057634801743316 0.6767600643246555 0.182270954514575 0.34698091887744914
18 0.7514563028895945 0.7304469223167536 0.17513110768955953 0.270553797421674
18 0.5005658563836584 0.8666864974441615 0.1851796405286845 0.18315750590826624
18 0.6312392851723915 0.879124630922801 0.1713155018195838 0.1817514978242459
18 0.5163484731408747 0.22678524645945036 0.20446918641708905 0.20223641277371074
18 0.7432850647237597 0.2605187077807206 0.23027262758393235 0.22887687833789305
18 0.3159805392069733 0.2790765098036723 0.20112819212889915 0.19725371034741881