18 0.578928364182713 0.156531224371579 0.23721440869369217 0.2411443809503108
18 0.288891173866162 0.21351853079435962 0.22135032166287516 0.22558285046797397
18 0.4794250564469671 0.20994578549762288 0.25342258882648616 0.27288633482873864
18 0.6948255948650672 0.23949836002158037 0.1640435970191021 0.16619595611617702
18 0.34521672027054634 0.3722261710740843 0.26897758477904626 0.27286840345344576
18 0.7250125583077935 0.3639698336884285 0.24947272649374017 0.25643268257842516
18 0.4964953113270842 0.3993942502277651 0.24678886415013432 0.2514428377012513
18 0.2697626067684765 0.527639972544401 0.27614226694641975 0.29315551564638054
18 0.8326589225122257 0.533275346932117 0.2077904410623517 0.25985558953557447
18 0.4872632666097732 0.5932502393760508 0.27361619410336147 0.2600570928886255
18 0.7356294649777658 0.5877096785656024 0.2458728843981934 0.24598864571272705
18 0.5274974932229685 0.703680872634078 0.3272186313680432 0.2455712561520236