22 0.3112639515006961 0.1927972610835645 0.10988095489394362 0.13809816655393709
22 0.1419450007098851 0.27462673753383976 0.14831920229576662 0.1502031214504662
22 0.5283623487378263 0.35279950421492956 0.14416620319731985 0.160027019119283
22 0.2144132159610424 0.3606498624780966 0.15482946542862855 0.15850618205675293
22 0.42538023536928293 0.4436309165651275 0.1579498072166855 0.16055434697528087
22 0.6179798770906108 0.5011999394160941 0.13361132551040728 0.13525271667139138
22 0.953125 0.5480769230769231 0.0889423076923077 0.1346153846153846
22 0.247001200584946 0.4960255664417049 0.19463890167390788 0.18267942378314134
22 0.7446743771615995 0.5378459077191646 0.12465870485844951 0.12615247028412868
22 0.4914375800749652 0.5602172566605831 0.15546893833233982 0.15915619965584313
22 0.6436805556833362 0.6037312718177499 0.15870481421614605 0.16300724918975554
22 0.9639423076923077 0.6526442307692307 0.0673076923076923 0.10817307692307693
22 0.9471153846153846 0.7632211538461539 0.10096153846153846 0.1466346153846154
22 0.8323017712184476 0.8044518305656551 0.13366505718119123 0.14542000676460903
22 0.9090689602748695 0.9015865995659916 0.17306608871425766 0.17254900012267663
22 0.9747596153846154 0.9423076923076923 0.04567307692307692 0.11057692307692307