24 0.48140775674094355 0.35910068651731264 0.2194424309763307 0.20913891303171853
24 0.7539050076604972 0.4549041021206394 0.2346355524212464 0.22244397788476108
24 0.9326923076923077 0.4639423076923077 0.12980769230769232 0.19230769230769232
24 0.5479205744106765 0.5102073501820652 0.21244683179233434 0.20248987689715092
24 0.3919387363299911 0.536363763289319 0.2006957629424181 0.22765334308955415
24 0.23044804389198398 0.674368948389493 0.20027886185492522 0.5196192583152045
24 0.781704465520744 0.06775448904045538 0.2178560464261035 0.13550897808091075
24 0.13757253369736733 0.751858424609069 0.203180906626534 0.27032161232032337
24 0.9387019230769231 0.7680288461538461 0.11778846153846154 0.3581730769230769
24 0.6237676389308043 0.7802904132943875 0.18076975879724208 0.329065502535545
24 0.35042921786674164 0.7939039531945051 0.20020461303510853 0.342996002970725
24 0.48992229883725835 0.7942947365381701 0.173622297247921 0.3404383199709161
24 0.840883837298797 0.7922529020372097 0.25438542487259225 0.2417831321660951
24 0.7114961692757439 0.8002196395607472 0.15437374661148423 0.3709649882140751
24 0.5788820686761633 0.1541374383048163 0.2148614106413951 0.3058342837608133
24 0.9447115384615384 0.16947115384615385 0.10576923076923077 0.2860576923076923
24 0.16420675286725667 0.17698956464446838 0.31490696935099266 0.3010095106709272
24 0.792636951191811 0.2322476517818521 0.24583195523925083 0.2393303379248971