5 0.2983541332453097 0.7790913431102086 0.18808205642161505 0.18714416292621047
4 0.20480291842008344 0.8623815328953159 0.31467532149956057 0.2746359726709065
5 0.9447115384615384 0.84375 0.10576923076923077 0.16826923076923078
5 0.5308769029020101 0.9260920171878977 0.19558023715109213 0.1078776745637969
4 0.8641826923076923 0.18870192307692307 0.2668269230769231 0.37740384615384615
5 0.5180860425646711 0.19956867846202614 0.1720952338288331 0.17133274797303968
5 0.7193606546270275 0.25414214504565746 0.224377966472159 0.22079034286559346
4 0.3827557846494605 0.5153867115479784 0.5054693149970196 0.46671380814347047
5 0.8798076923076923 0.49399038461538464 0.23557692307692307 0.2668269230769231
4 0.7335918758554124 0.6079484604963561 0.2314891911434824 0.22894928852191151
5 0.18434347031263482 0.6560287043805302 0.1617481332737034 0.15941055778762594
4 0.14407488136411414 0.09052728229485633 0.22564976272822831 0.18105456458971267
5 0.9002403846153846 0.7103365384615384 0.19471153846153846 0.20432692307692307
5 0.6827370474060825 0.06059565144189872 0.21102697942754964 0.12119130288379744
5 0.5689874531334319 0.7492305761414978 0.21034807395576052 0.20747725924526497