18 0.49000555474327057 0.23588693677998482 0.1471013230097003 0.21427874755324042
18 0.6380390657162761 0.2967927263835458 0.18771366343838872 0.2915619653811606
18 0.20679348782885976 0.26745567084772043 0.16385367693914044 0.17198587490046272
18 0.3939658744946805 0.3138027175382471 0.17624011780032367 0.18565761364476457
18 0.08603800881053149 0.36119205024294854 0.15640838703109286 0.18392256202435867
18 0.8377994901228107 0.4461444717618217 0.18180614740017156 0.19153946338739275
18 0.21240193200921192 0.41900313318368904 0.1861813092045552 0.21829723501068335
18 0.5995132181207805 0.4972289276450131 0.18501898288540536 0.2607551949541307
18 0.40787000121757355 0.5032407231207969 0.2202023654503538 0.23386175734088283
18 0.7705802400667916 0.6081044239113945 0.19608290385101357 0.20837374178949403
18 0.9102702342807553 0.6706779771631749 0.134509672178322 0.23475666185758526
18 0.1968175400443841 0.625043041905484 0.17873421275117543 0.2919752286306263
18 0.6443397315094944 0.7193438762421641 0.16947678949161635 0.22103180076866058
18 0.3319317868518322 0.7363696680928057 0.20223240879446797 0.21370720731549098
18 0.4911102188513246 0.7682789272098994 0.2578752185980905 0.27192474320331156
18 0.8028850474035466 0.8531011329667364 0.20468871353287893 0.2157204012181976
18 0.36182306727968283 0.11557585383924432 0.1651080586006281 0.17389391415950822
18 0.7367788461538461 0.9290865384615384 0.19471153846153846 0.13701923076923078
18 0.21667015408966858 0.11246752657165202 0.15509511587164487 0.2005917531357903