12 0.4412478008248353 0.1803906777313033 0.1149589698404039 0.1347183662106564
12 0.3323461136238321 0.19567517308643995 0.11320091366325134 0.09571885632998697
12 0.6214989802044346 0.21883011255064788 0.16882749298187502 0.1662730951880251
12 0.18064708904431828 0.30179167971380166 0.1764944128671175 0.17266065128862393
12 0.3439264749363752 0.2956288696386892 0.20757193568942064 0.20361952953717327
12 0.5887544774897198 0.2875865776029435 0.1771864506903197 0.1738940694252123
12 0.8058471729890927 0.28219498138872423 0.18190377641740968 0.21245009306574664
12 0.45517679475706946 0.3125443368831533 0.15429469869462628 0.1403713143196694
12 0.07742657483955298 0.3526929365413166 0.13119389706651188 0.12778772788128448
12 0.7387754273767604 0.3300046115593987 0.25459251580417824 0.20009802386611567
12 0.2865418394405989 0.40518261837739666 0.18748490744126034 0.18341241345678008
12 0.13049192338537333 0.4265294976171952 0.13387097207458035 0.13151947735071487
12 0.435634095104939 0.4440578732224133 0.2451144553200431 0.24090297376699077
12 0.8297365058921051 0.472486989877838 0.219809891482857 0.2150352433631214
12 0.1111624192809968 0.5288768187040064 0.2223248385619936 0.171821336498758
12 0.5830869776439449 0.5045677434520452 0.18677706735518015 0.31625896392126623
12 0.26532390391254856 0.5272067503399332 0.20166236227719245 0.19672549707710865
12 0.4356312562883857 0.6020818181829537 0.14098246856373164 0.1384764999301099
12 0.7415751831953256 0.5932308762151947 0.22119396712926168 0.21750207963629803
12 0.07287713113684009 0.6730394870058029 0.14575426227368019 0.16121344240301055
12 0.1768162074520988 0.6683203388656517 0.15405875199926616 0.1846534978078315
12 0.27542769388566957 0.7098411787225525 0.19703753224312004 0.23838336899376764
12 0.6324167791071162 0.7066951231620402 0.14521822550831648 0.23387190924716814
12 0.4205498751802773 0.7537130962332531 0.2649737928563514 0.2581052821550763