21 0.18469847322991426 0.3437478199088316 0.36590868628600454 0.38945658341221434
21 0.2722710074244655 0.35863564735762055 0.13332861300061485 0.6779734243095439
21 0.025090144230769232 0.341150555209188 0.050180288461538464 0.6822485330965454
21 0.5051083835058757 0.39345872515092495 0.11959092529594077 0.7061586839702276
21 0.15823321516271363 0.3637451829915239 0.31646643032542726 0.448644212136894
21 0.3980533044493052 0.38770573109586814 0.14079242956292803 0.7152104286958332
21 0.9507700694130873 0.4432884056414511 0.09630628324265554 0.6591412076778844
21 0.3460069362298074 0.3988090814184467 0.07614630706300765 0.30833004585665935
21 0.7591607489198181 0.4482034326839729 0.39541225428042226 0.4202254871677698
21 0.6358372432500532 0.4687276590305543 0.1412789784732109 0.581511469549893
21 0.8712183408360038 0.49775143072656525 0.13170555646303447 0.5824731170159898