28 0.08599470566272628 0.15298792074275577 0.17081461746559307 0.2324856969760269
28 0.8860008051583902 0.1502433601066281 0.1492079733633553 0.233123524947241
28 0.36920185336384476 0.19483541840112825 0.17902570823947392 0.26737823345650724
28 0.1976065661876208 0.23290391327938867 0.16597238208758577 0.28072207704575347
28 0.7075855774739144 0.2225543738662787 0.17646886209786508 0.35722812786196595
28 0.8674561744111865 0.3141708815526182 0.1125908554081106 0.1821032382325979
28 0.5683031990280395 0.3494181074380022 0.2602044656759424 0.27820753241060814
28 0.10394216416538173 0.45469519067228314 0.19982859900601252 0.24926346480927983
28 0.2928818431425145 0.45972427994257387 0.18381983593863443 0.31820239511167725
28 0.8047340882827936 0.5069689361005143 0.18523853645398375 0.33693031492524217
28 0.4430120267590167 0.6447718736433063 0.1808294349201727 0.37079267413252054
28 0.06968946163635913 0.7161501279697221 0.12461008617734158 0.18308435944517115
28 0.14911428420160383 0.7180881895051995 0.13221322259216656 0.21732687832656147
28 0.6336011693311143 0.6881643892538781 0.29728968157835484 0.3178586059551108
28 0.9230769230769231 0.6887019230769231 0.14903846153846154 0.2956730769230769
28 0.2865251129241211 0.7405572538357095 0.24864634003328515 0.26525623648943264
28 0.24499735078097845 0.07459923201899653 0.1550213687386704 0.14919846403799306
28 0.7913476329383162 0.8040155827211938 0.23042868772339029 0.24755859313211095
28 0.03454167807125311 0.900681988344084 0.04969268566688693 0.19438023648197217
28 0.16567716422656772 0.9008050748193421 0.2015191774592297 0.1881616121287177
28 0.5514804862776865 0.8681091608188147 0.18948596104881005 0.18597856783922112
28 0.38451107807370055 0.8901602072120458 0.16765554668755145 0.1673856265796661
28 0.5108041641164329 0.08194609617518997 0.19272852464132756 0.16389219235037994