16 0.8265752998363384 0.24871096049559047 0.33308118994732566 0.35518345643130816
16 0.26412271691811856 0.3336862886593925 0.298778965173238 0.4366869666850869
16 0.612634113719261 0.3737117618507399 0.30917032144568396 0.4397512113406075
16 0.3605232596008499 0.5145543333070186 0.3233246756618311 0.4764797910258353
16 0.8366366604277131 0.5298071236496278 0.2829967364603058 0.4029527058163057
16 0.1377559556301952 0.5568322198716977 0.2755119112603904 0.424797098718143
16 0.7548370087247345 0.6552406638518864 0.3470695843772425 0.6778718322495247
16 0.1650857289735617 0.6996792588439515 0.3301714579471234 0.44198763615825076
16 0.49823291972449535 0.7288244910878247 0.44899027490012516 0.42674722827315775
16 0.0733173076923077 0.08173076923076923 0.1466346153846154 0.16346153846153846
16 0.21603842587167207 0.8085647779704336 0.36134953000829306 0.37637444341537846
16 0.36141809322143215 0.10864077868972319 0.2435099674032896 0.21728155737944638
16 0.9405350041560355 0.10747061311173942 0.10936202415432451 0.1448181462789907
16 0.7248425952777307 0.13876336997033323 0.2855476394194848 0.27140156585644165
16 0.13821240334022386 0.1728847271888633 0.2764248066804477 0.3457694543777266
16 0.5012504617339337 0.2025430128253871 0.28540058261415197 0.4029666909841205
16 0.021168295593426298 0.21139860986031359 0.042336591186852596 0.2262412418178344