5 0.6887113197262787 0.6293660462468489 0.13588763420895644 0.11695800001835585
27 0.44015099065605334 0.6673364031361511 0.32152571330793356 0.21226082722297007
27 0.1456868293938069 0.6651118441218173 0.28499642226406663 0.23406984208978845
27 0.8485576923076923 0.6887019230769231 0.2980769230769231 0.31009615384615385
4 0.05149709796279024 0.7950165938525171 0.09443527322292503 0.11887934155118803
5 0.26909412297321894 0.8059614564461521 0.15897240939920745 0.1598919964317124
5 0.4458467411199853 0.8200365764701372 0.16112452253238738 0.11665073694485911
5 0.37259615384615385 0.9423076923076923 0.17307692307692307 0.11057692307692307
27 0.9567307692307693 0.9603365384615384 0.08173076923076923 0.07451923076923077
27 0.6658653846153846 0.9314903846153846 0.20673076923076922 0.13221153846153846
5 0.09055759457491669 0.27867916821720223 0.17800039369666215 0.125259997459964
5 0.570257761361465 0.3070959775130734 0.17177750450287116 0.08853141540786609
4 0.3395444712634933 0.3140261190202077 0.3360466864057141 0.22925557799415872
4 0.8569711538461539 0.36177884615384615 0.28125 0.23798076923076922
27 0.5998381365178956 0.4336335559785277 0.26320797003348856 0.20737579285608226
5 0.07590456373804505 0.4455646625740555 0.1462787949604875 0.14712495489153754
5 0.984375 0.47836538461538464 0.026442307692307692 0.10576923076923077
4 0.29134248303138655 0.4985488615776206 0.3035772818690225 0.22587315798975338
5 0.8311737665836257 0.5336745683175473 0.2194527546826935 0.12333865592713153