5 0.6836240920672988 0.2327584312092073 0.12150130988669453 0.1536004768108447
5 0.8772720016557515 0.23970080602705754 0.10518972068405219 0.12472984452589725
4 0.3031973006952092 0.32846948343785665 0.17230479528457657 0.17750386061225484
5 0.07678791849763478 0.3565299468496202 0.1170574906145315 0.16102052832581532
5 0.9295638512457983 0.3252337670971936 0.10404377807413376 0.125833655481563
5 0.7021764678393188 0.3485846503225221 0.09117001670124754 0.09365159032961835
5 0.2048832356706683 0.45982219369774835 0.1077071847355814 0.1530731489548469
5 0.08963691448989036 0.49197938367873356 0.1502634930323416 0.15415228310563614
5 0.041965110391389185 0.626496457806778 0.08393022078277837 0.12681477669413638
4 0.699505796910888 0.5858786347044901 0.20427103168439456 0.23399414604459806
4 0.9082155879019483 0.6550512507804034 0.11740654005147277 0.15566093054029023
4 0.66594438442487 0.04906215791416102 0.14966253149388 0.09812431582832204
4 0.45138629159551275 0.07345285654880594 0.16032837834743605 0.14690571309761188
4 0.22863865909571193 0.08223693880830643 0.16727318110886621 0.16447387761661286
4 0.05263104631942132 0.12298880069726607 0.10526209263884263 0.13863778322085246
5 0.12213836832807502 0.15406735244266936 0.08110678834982685 0.08325130874417505
5 0.2931440141258314 0.184410360827767 0.15600802968052252 0.1618053261128326