2 0.4285981719512053 0.26802884615384615 0.16327613186400733 0.15204326923076922
2 0.4748678120920413 0.328125 0.22117883616196138 0.06911057692307693
2 0.8494558155221535 0.3737980769230769 0.1460248572047488 0.1201923076923077
2 0.6822791911895401 0.3894230769230769 0.1672180876906588 0.15685096153846154
2 0.4725309792707956 0.39783653846153844 0.16423031331472118 0.08834134615384616
2 0.33666313159581757 0.43149038461538464 0.19265595393280227 0.16826923076923078
2 0.5989345023119601 0.43509615384615385 0.16781904922912033 0.15685096153846154
2 0.16056876583091922 0.43990384615384615 0.18453665566573763 0.17247596153846154
2 0.8882700139295044 0.48197115384615385 0.19358046707147844 0.1814903846153846
2 0.4961404109229993 0.5120192307692307 0.1658060479913093 0.15384615384615385
2 0.7825090198352387 0.5336538461538461 0.24025386710723715 0.14423076923076922
2 0.3084552843086881 0.578125 0.23280254371123454 0.21814903846153846
2 0.7333812336629636 0.6045673076923077 0.2430482781938985 0.22716346153846154
2 0.5711298549533134 0.65625 0.18337675591329988 0.17307692307692307
2 0.7565704320703145 0.7127403846153846 0.15676223658556848 0.14483173076923078