12 0.7391826923076923 0.9230769230769231 0.2091346153846154 0.14903846153846154
12 0.8425480769230769 0.9759615384615384 0.31009615384615385 0.04326923076923077
12 0.8348019526490413 0.15632260838919976 0.21437129170532915 0.21023926734236925
12 0.4118458990011373 0.1667468492178212 0.22395262585622758 0.2213713656250473
12 0.5517047959498862 0.20282363827016614 0.216631269786767 0.2877003476858337
12 0.7243305665722111 0.24604328883245963 0.32258436010434743 0.3177942262264371
12 0.9242788461538461 0.2956730769230769 0.1466346153846154 0.2644230769230769
12 0.32633738301415893 0.3665140829205378 0.23698225393956862 0.22962457245156573
12 0.4110235770438232 0.44865313527143574 0.35466856408457115 0.266126801124587
12 0.8774038461538461 0.4699519230769231 0.2403846153846154 0.2620192307692308
12 0.5666283434215912 0.5104739738837578 0.4141850298326446 0.3143945133251375
12 0.15568640973327583 0.544112501882362 0.269043459276403 0.2805326960724165
12 0.4020601972639382 0.6438950435504405 0.2604248647492108 0.20764846160370626
12 0.8149038461538461 0.7788461538461539 0.36538461538461536 0.3894230769230769
12 0.4987980769230769 0.8100961538461539 0.4014423076923077 0.375