0 0.8712422633172283 0.3875455739670849 0.07287186212654007 0.550552186077734
0 0.8901998036937754 0.39193493699716975 0.06987602012187875 0.5426417368528195
0 0.8268801171311082 0.4002055648417018 0.31046613661822337 0.333771342380204
0 0.8190489760516771 0.4239991533178772 0.10204787776934793 0.6667693698741222
0 0.7555471369195284 0.43467362731625536 0.4368971698152751 0.4210005343951572
0 0.6975995317482913 0.4516025897615351 0.15503466423876533 0.7809612382273472
0 0.9072985362166441 0.4685866084800109 0.058955121936492376 0.3510819299209603
0 0.6236626214380909 0.4727025745525632 0.1774627788272469 0.8555651520325175
0 0.5332630931899305 0.4883092224614978 0.21231996746629278 0.936067465808414
0 0.22126143440560317 0.5093051763668727 0.44252286881120634 0.6436103527337452
0 0.28365384615384615 0.5024038461538461 0.27403846153846156 0.9903846153846154
0 0.4182692307692308 0.5060096153846154 0.23557692307692307 0.9831730769230769