22 0.3045110490470994 0.4763545034264253 0.09938532581891063 0.10002862983215909
22 0.6528587292124721 0.46778836982954214 0.12652174685039458 0.12316660644763097
22 0.7490944336842033 0.48361940068431186 0.09111187237532903 0.10213867143499286
22 0.5795651300610546 0.5111301070891733 0.07827574079009435 0.10828755549219338
22 0.07822319888925167 0.5310363100676093 0.11816699587654317 0.08269232297712761
22 0.4053681422250933 0.5364048556550526 0.1069759594061459 0.11708639934202043
22 0.7179336599716115 0.041806846020337976 0.11058765577213756 0.08361369204067595
22 0.27508227585576683 0.5697420219238232 0.08145555860100182 0.11139729338129115
22 0.04356670910558746 0.6318032553414098 0.0758368926125283 0.10760264979629962
22 0.8817508265465015 0.6361186184727419 0.11334152216318326 0.1131105150057278
22 0.3662720810356742 0.05912219231071124 0.0854054209337479 0.11824438462142248
22 0.24205958770411007 0.6836461768863452 0.1080788035471317 0.10513012669086362
22 0.5119322476322833 0.6838178437906203 0.1058268197586104 0.0870593084583015
22 0.4113562922192794 0.7425060437050812 0.0743377327277934 0.07156594352796529
22 0.08054742987567372 0.7588560576596853 0.09820655049526247 0.12097833952088057
22 0.48956315053716437 0.7589666557405917 0.12146904037666276 0.11879198736353604
22 0.587992689020422 0.7783195116686985 0.09058684201952971 0.09312424835806993
22 0.36452870930105963 0.8257058356909119 0.10744283998495027 0.1045081791130441
22 0.691171770034377 0.8190971225878406 0.0866660545752811 0.08758967827576788
22 0.4566567619394972 0.8296855240913151 0.09345164161695767 0.0908253324010137
22 0.09425973362913717 0.873527147706128 0.11220960313370008 0.1142704660039349
22 0.6163262275688369 0.8684904473108032 0.10684187844648872 0.10448719307368612
22 0.7664966081367817 0.8644458605482209 0.09793838857594804 0.0957799269842122
22 0.17099650695078458 0.915228144357023 0.10224419828111607 0.10792507398959117
22 0.0352653217813701 0.920012961330652 0.0705306435627402 0.06072764979629962
22 0.34288336122122964 0.9296168573296052 0.09666646145158503 0.09453603182857315
22 0.8560345110199437 0.912896702794778 0.09921031570031093 0.09702382213985125
22 0.42447412235711907 0.9291666021307604 0.09415760922657904 0.09264920305575632
22 0.49581946245066494 0.9398694312539516 0.08861487442076801 0.07986112243320011
22 0.05677152238037457 0.11676586444343434 0.10231420232855593 0.10912699706651417
22 0.575302251136745 0.11065315720733454 0.08053365171383821 0.1161630136102674
22 0.4261237815034037 0.11826154112197004 0.1157453683170294 0.11319445916315993
22 0.8378933685559399 0.11227857966082884 0.08111146549902497 0.09519231788218763
22 0.04292704004177091 0.19535255730931084 0.08585408008354183 0.13641446516665862
22 0.7946597005980442 0.17496173518153518 0.07535279141567158 0.08899382814335005
22 0.23060775728392174 0.2006562554839747 0.12674361326315936 0.10638165544942388
22 0.5330023443364579 0.19849275318599344 0.11501625295413312 0.09037890674097948
22 0.13007809737746762 0.21736109186356012 0.0860063824722095 0.12774917115590081
22 0.7253218909145953 0.2121679408204028 0.09857435213812948 0.0964018745620318
22 0.9083297776079977 0.2621526532348008 0.09647959706254028 0.11192194436524165
22 0.5979536075720844 0.27778914185123216 0.10750098976194508 0.12610082241894338
22 0.015090858929695675 0.3153082997351644 0.03018171785939135 0.11215087602877474
22 0.8480591744308594 0.3290291870883009 0.09566269624653664 0.1184905492096025
22 0.5071448991397899 0.35412843921109494 0.12122995334584576 0.1043898964798171
22 0.6286294777716593 0.03054025325123805 0.08408719830283519 0.0610805065024761
22 0.9261378789243095 0.3682843655066338 0.10175416994903667 0.09951161245112963
22 0.46481791907292147 0.03957185830340852 0.10401800800800323 0.07914371660681704
22 0.0586649963869427 0.4549526747188533 0.07949544527268504 0.07774344722744499