9 0.4929693023509608 0.6792644382728638 0.10886463701674032 0.10758811279778321
9 0.596278706499341 0.6828722173817313 0.10120525481916591 0.09780487776156531
6 0.8838708907586358 0.7340853631313575 0.169454762358368 0.18403712093707286
9 0.4013399322424369 0.7348865907748935 0.12890712301907487 0.12546359853539002
9 0.559852170265098 0.7674534289495197 0.1553790779085587 0.1524933827006145
9 0.5394984777668911 0.8427829318137291 0.14094117738689385 0.13895051554786328
9 0.4466246379727821 0.25344696326137856 0.5781350308565189 0.3874494086813306
9 0.23619584399236795 0.3797008167223827 0.4256471427425851 0.2068087464185099
9 0.5965422173465778 0.49637831496768214 0.11887188490115665 0.11622537489735585
9 0.20203154578078605 0.49321210734674165 0.24846394015919981 0.24350584558319996
9 0.5131320341056734 0.5305337025059299 0.14106299102846948 0.07712141476167211
7 0.7771632477597188 0.5451016794749471 0.30564257094090025 0.2982642881975964
9 0.5364954161127333 0.5972549232797547 0.12767720970864962 0.12483466192678964
6 0.8056142244094935 0.6059251851447123 0.34744479989677346 0.30644096657892644
9 0.37384393745908634 0.6018917503494662 0.09625761134396225 0.09468816978870201
9 0.46681021092102337 0.6209007288972226 0.1678708287199801 0.11136273738843491
9 0.36760708627910543 0.6582982097544341 0.1006322835142067 0.09839185176495736