18 0.2444032173285364 0.7760945306055691 0.20769788363608183 0.35321183988721405
18 0.443866505533012 0.7692815510382408 0.23039372362041824 0.2392273054513963
18 0.09506128201049138 0.7935385142637756 0.19012256402098276 0.40811527916475643
18 0.6645168686040611 0.7996700370785329 0.2814618897811173 0.29264824467464096
18 0.8843848778338514 0.7940708348585725 0.20570577183199118 0.2852331819936204
18 0.4136078019267889 0.8923558789460286 0.18697022976545355 0.17183831561343454
18 0.9539836891005654 0.9029213652903886 0.06574298462517447 0.07589560317713816
18 0.23407372294720877 0.9412480204761098 0.10674822565244704 0.09029497155932512
18 0.18864513844685382 0.10515697574793939 0.21643175182391475 0.21031395149587878
18 0.09837587897223786 0.142096206571468 0.19675175794447572 0.24465374070321788
18 0.5534703281839171 0.13254602044353114 0.26993173542083737 0.2650920408870623
18 0.9199589671571338 0.11097035715207058 0.1537639241296489 0.20833974074665612
18 0.3125542584341271 0.18358201649382735 0.1405847272070617 0.21117546545558666
18 0.7775446471502812 0.1697116039807461 0.22262360157664154 0.2940257386577788
18 0.42110410560398776 0.24812510971525945 0.2313447472212568 0.3209580746821657
18 0.6475008830730071 0.011800168294542116 0.1256713107770626 0.023600336589084232
18 0.6715647896979042 0.2971961868772468 0.27236355285706126 0.2849116758573032
18 0.21082266764189045 0.35886350627749153 0.31308950209321484 0.32692027298500087
18 0.8920613107158766 0.3408058267636927 0.20564325747929885 0.331472218431439
18 0.08963737942517767 0.45120044948301835 0.1452464123475856 0.3021306699055986
18 0.7326276369167137 0.027256365704972536 0.1200812646281111 0.05451273140994507
18 0.017299002541565724 0.46762993524096186 0.03459800508313145 0.27567762951807634
18 0.5291216563433597 0.46163666042771323 0.1527306708123057 0.32598819419023795
18 0.6906959753097237 0.5110803447925597 0.1799474974599639 0.18764425286725675
18 0.24597045120699648 0.5381837654222398 0.13679015182024357 0.19473949177480543
18 0.8659292133256647 0.03489413598018044 0.25131465027174743 0.06978827196036087
18 0.3888174840253882 0.5454782837768936 0.2577656554191243 0.26904758882648605
18 0.8102449435073464 0.5593684015870328 0.2936279697828304 0.30596847745673206
18 0.4149842892204899 0.06620060339432964 0.17964680617440473 0.13240120678865927
18 0.960065758887067 0.5866755879647396 0.06805103645398401 0.3258606011534185
18 0.5608594696543397 0.624340008637858 0.1843298908093688 0.30620868606277934