28 0.7025125029673164 0.2304237624830655 0.1271395737427949 0.12335851800540983
28 0.4996347126671772 0.2547288706471592 0.15846475406763838 0.21948603088942756
28 0.6657634484907848 0.33359155850026057 0.16557067159326475 0.10597510418578929
28 0.23354941868983645 0.34359862823572446 0.25266881969645405 0.24963787300262064
28 0.3989688084305865 0.3959070474625091 0.2021172560837104 0.32098104075118256
28 0.5913696649771407 0.4410335754249313 0.20647272516824317 0.20194949926738148
28 0.7503173029502784 0.5002736307782318 0.19699616570832307 0.19431810730330928
28 0.6645061714086931 0.6541987844338711 0.15858928012039678 0.15598003944702027
28 0.4453710577561957 0.6500199548236665 0.2218970975878132 0.2182462648714356
28 0.6061225015475462 0.756358932044985 0.14320341906607637 0.14028423538142767
28 0.7744383144362079 0.7822810240464665 0.21414640001277865 0.209496920530947
28 0.3536305782292638 0.18162554304082676 0.13812614720163593 0.13585358274417894