21 0.9198090203413559 0.5832229540612339 0.07987650468305454 0.2959746222485151
21 0.8782712625342067 0.5897417449954317 0.051807922331488336 0.2621655205881268
21 0.8456765161506776 0.6066045308229404 0.1857806020671459 0.1862374462219668
21 0.7976248630650897 0.6198794787949728 0.07687993366571177 0.34715639499013307
21 0.592877706743314 0.6104061257736543 0.24750714891004086 0.2483014155818324
21 0.7428659514117868 0.625396430597022 0.07226148630981327 0.3067553574860988
21 0.6876868065136309 0.6369229977836866 0.25775288339270475 0.25804444893668166
21 0.5220147851875226 0.6388686236972756 0.2667546714739601 0.2670954444683288
21 0.30510557478991 0.6478063533440591 0.1684691508341524 0.5627208541366204
21 0.41671632764581507 0.6586802939787986 0.14503604915485477 0.501167479734614
21 0.2157070276901738 0.672243563363793 0.4314140553803476 0.470697305788017
21 0.11875583795128292 0.6953877740218629 0.23751167590256583 0.4148140095821873