7 0.1313036144306838 0.15363502012860378 0.22270427210685445 0.15177879129621644
7 0.41421091893131085 0.17609558666159186 0.2301800737349688 0.16358208278790504
7 0.6971182234319377 0.19855615319457998 0.1970457882266281 0.19216600184996688
7 0.12225545771558995 0.3026853359375104 0.19912190169623517 0.19587677715189594
7 0.41180991159401786 0.33390938424615946 0.2139913943553696 0.21050393908207
7 0.720977371217471 0.3555061936689788 0.21343597095927846 0.21106989859681163
7 0.12444412736592204 0.48948529546311154 0.18914221194188738 0.19050905246468458
7 0.40873550751295373 0.5144197121973857 0.23782080626141025 0.23283266780586176
7 0.752758736367176 0.5380466389959616 0.28657112608210455 0.21293629933679845
7 0.3979762521713543 0.7040553964319174 0.32755732286172246 0.35113967177728467
7 0.1191853118593556 0.7201263724079077 0.1460103053039061 0.22928024279209536
7 0.7290156932830596 0.7616280398445441 0.23662243170517883 0.4302049208577309