12 0.798815749634848 0.2148146195239944 0.065592692695541 0.11566783164698545
12 0.5251975213412394 0.23358778138563707 0.17540879761102632 0.16990094913073042
12 0.6252092766727665 0.23254717185503232 0.17746382217332268 0.17359068906200642
12 0.7168075704658321 0.2318984255934591 0.16842001076758187 0.16418440271605184
12 0.37057791433798043 0.2986695107225395 0.18196471621395036 0.17799335146575296
12 0.5606075504820625 0.3778448838862347 0.15620329837159225 0.15223431904873982
12 0.7916289211982049 0.3707024034521389 0.08913071269444171 0.22099087564385395
12 0.6772528656012363 0.39049960520764837 0.15440041375620778 0.152150348348233
12 0.8593063067680797 0.4073429197723571 0.10139768508988158 0.28505667175630645
12 0.4855670065026382 0.44283767163160903 0.16331815518849252 0.15975375007880302
12 0.7306329642382702 0.5158321740823278 0.119637207832594 0.11758599112372672
12 0.5504873260064146 0.5435159938307774 0.18582262539163133 0.18176706209753574
12 0.6247038768460632 0.570205242733584 0.06137716528490511 0.23527234443574585
12 0.6884057999229864 0.5672382779823452 0.09695584769010915 0.212969277374424
12 0.24146674528050796 0.6423174915705732 0.10809258864514905 0.20090888973677679
12 0.33561170853402567 0.6608435340727647 0.10605047906174019 0.10317608083556405
12 0.818843562114738 0.6564242129578042 0.1537741822264111 0.16889330072464923
12 0.14537991245926232 0.7167313892604903 0.1678610725536056 0.16475737402101104
12 0.715427637516683 0.6950043402080469 0.13438383635588572 0.13145092034043251
12 0.9615384615384616 0.7331730769230769 0.07211538461538461 0.1971153846153846
12 0.2627058374451658 0.7908521289059943 0.13398859311914796 0.19432796001087602
12 0.3665755019543738 0.7932493472051452 0.1477184251798277 0.14225506139782595
12 0.839048824500414 0.8074186769140758 0.14471361748751996 0.14211511023031476
12 0.5105118279305261 0.8685423627303963 0.09374092337537504 0.2098245185146051
12 0.4569153358786406 0.08483253610954565 0.14299066118362339 0.1174756871533915
12 0.6857091904138429 0.13205649647201076 0.11822516813324477 0.11452520296441453