12 0.6773480082060035 0.35360553653368443 0.18053714878711039 0.1740803588676347
12 0.8605769230769231 0.4026442307692308 0.27403846153846156 0.2860576923076923
12 0.3518310708127344 0.48508904491370397 0.17040808726111856 0.22749251365968404
12 0.9651442307692307 0.5432692307692307 0.06490384615384616 0.34615384615384615
12 0.7595398768821991 0.5703712454142822 0.12096138878073504 0.4428915730639602
12 0.6804138563308133 0.651619526355441 0.1267717586034869 0.3870510980743887
12 0.8762019230769231 0.6911057692307693 0.24278846153846154 0.25721153846153844
12 0.6531681166853092 0.7632095727437874 0.1539500081107463 0.31271017819479663
12 0.4386133377832995 0.8004124461019941 0.20566722943215973 0.19765771054578268
12 0.26246411687582377 0.8366371590683145 0.15030308201156048 0.32470493492035146
12 0.725464342113193 0.09674362726751588 0.20573637653407836 0.18624293760696717
12 0.5709134615384616 0.9206730769230769 0.17548076923076922 0.15384615384615385
12 0.42291265190116173 0.9276904257455071 0.13087794903547317 0.1269291518032925
12 0.8530954240624049 0.1539612406092699 0.14024142154933755 0.1215764386283978
12 0.7213910237312545 0.21567807121164131 0.22642263790696487 0.21760481894948555
12 0.8190859896913985 0.2751247161095565 0.22013312018732678 0.21156024064533313
12 0.5846583231517415 0.3242279463105683 0.11976931841137856 0.3785991773244366