4 0.36100042245349423 0.2956087840937315 0.07707952757090936 0.07983689559928762
4 0.3053761842853044 0.3003870551007116 0.05419338342773379 0.05926172699925207
27 0.6806547216304745 0.3597427662589018 0.11364279959259924 0.1489395721743944
27 0.574351291504967 0.43483408228867404 0.15237715656579207 0.1601170207715452
27 0.2912506905026505 0.5667933596029908 0.09953259849048762 0.10516717918518505
27 0.4198678974004515 0.6467648311466516 0.22079139012594376 0.23200629540366763
4 0.2919948012019073 0.09667634923539829 0.06652740478733492 0.06932769651278477
27 0.2963178234108604 0.732403212934401 0.16108442265526607 0.16926656481563368
4 0.5342985926416296 0.7532238323792725 0.08584975177845723 0.09078932425876036
4 0.4363819191817096 0.7952922301171643 0.0858421181755363 0.07341401696520632
4 0.3723022473963422 0.8005363416954409 0.0796092899609037 0.0836529741173788
4 0.5818832884409919 0.8405730197207254 0.08336196146717913 0.08817516881759246
4 0.5083980924338201 0.8389662787650987 0.08394193696628253 0.0876267846009615
4 0.44493273462335103 0.8611424680639591 0.06571658285529317 0.06326550380633887
4 0.33824011812236726 0.878331167114102 0.06159379624349448 0.06530130870737157
4 0.39684054434058574 0.8918972061919507 0.10141942726330432 0.10772875730452278
4 0.5179409705588043 0.9109312867401699 0.07501145804679155 0.08924197092735014
4 0.43855680819732296 0.9401539272098993 0.08334097542782114 0.08757420727913093
4 0.48677884615384615 0.96875 0.0889423076923077 0.057692307692307696
4 0.39414299553452664 0.14057541782101063 0.07652053811116379 0.08098624135438019
4 0.31112635906940234 0.1357235935622501 0.08390759849048762 0.10380016881759244
4 0.37812497962024005 0.18498663902015594 0.08336196146717913 0.08817516881759245
4 0.4556623705182155 0.20864861393504183 0.07088103783207181 0.07390246853482893
4 0.3087606554554617 0.2379922097443726 0.09016141274447821 0.0941621732038816
27 0.5448259762711352 0.2791403668532753 0.1884291300399685 0.19742131313002106
4 0.41617823496164985 0.26909074305847497 0.0815171047730784 0.08681551377517788