2 0.21033653846153846 0.3269667179772714 0.033052884615384616 0.03343748974807671
2 0.1875 0.33271060617929954 0.03365384615384615 0.03404544410713269
2 0.24158653846153846 0.3333399600327957 0.03365384615384615 0.03464640564559423
2 0.17668269230769232 0.36143088925475414 0.028846153846153848 0.029782770773146686
2 0.25600961538461536 0.3707674031116767 0.03245192307692308 0.03282953538902088
2 0.21995192307692307 0.3799632184913972 0.038461538461538464 0.04852446359496472
2 0.17548076923076922 0.3926669036135654 0.042067307692307696 0.03234045898006968
2 0.14423076923076922 0.39951481540419487 0.039663461538461536 0.046735564620768985
2 0.1875 0.41564329848699183 0.037259615384615384 0.04971240103069906
2 0.16105769230769232 0.4213452297654535 0.03545673076923077 0.03647026872276203
2 0.20552884615384615 0.4266703907971316 0.031850961538461536 0.05505811949150322
2 0.24278846153846154 0.4271039456739845 0.054086538461538464 0.05411493077657316
2 0.17668269230769232 0.45758473540860034 0.04146634615384615 0.0317325046210137
2 0.6887019230769231 0.6426291570165692 0.2566105769230769 0.2577936267015018
2 0.5024038461538461 0.694547921093843 0.2325721153846154 0.23527833695464898
2 0.8653846153846154 0.7564638924251695 0.07692307692307693 0.07781815795916021
2 0.6430288461538461 0.8872900103437023 0.06610576923076923 0.06567305641923035
2 0.40865384615384615 0.14898588723496248 0.04266826923076923 0.04436668256989485