0 0.1767988807677464 0.4132347230832798 0.07108752821907703 0.23466974317550757
0 0.8682985950214499 0.493358854047542 0.11113207295368135 0.372528226048905
0 0.28695252207748795 0.5201199418409186 0.1614647151668836 0.4511712673159991
0 0.47926021438518024 0.5156439306186962 0.2943986072534688 0.29331672053920965
0 0.6439236759236417 0.5118113460096683 0.12188225368930088 0.47367160246634626
0 0.21851285147229207 0.5241183669926814 0.09308111623691687 0.3300692673746528
0 0.08396741163632698 0.5296554210020833 0.08343075923182254 0.32864354373661864
0 0.7211265319643967 0.5196363261361638 0.09465024940579252 0.3427174347524841
0 0.39688708031284403 0.5368049796890488 0.10059635092438385 0.3200347591767094
0 0.8978365384615384 0.5372596153846154 0.19951923076923078 0.2860576923076923
0 0.7891336720662842 0.5421081837468477 0.13460916971145473 0.4157140340772436
0 0.5644090290713785 0.5485414449397432 0.19295569279472163 0.1918641109416668
0 0.13669927563531192 0.5645101852938033 0.24779876200308337 0.26040270633547036