21 0.7077152237858909 0.20674774832027681 0.26121798268421514 0.26710469611622184
21 0.42324103280237646 0.304129469242397 0.38372066947531047 0.39178855632751186
21 0.8365384615384616 0.359375 0.32211538461538464 0.43990384615384615
21 0.3192308507498087 0.6231302345343219 0.4546436793860984 0.46488936395466224
21 0.5199252997230887 0.6684047525631889 0.4129522056328297 0.4216788437500414
21 0.9134615384615384 0.8557692307692307 0.16826923076923078 0.27403846153846156
21 0.8322498032800033 0.8533230923526669 0.284230043063539 0.2906353479169367
21 0.2126183998168463 0.8676117690570162 0.23076353741041478 0.23654344310779069
21 0.45552884615384615 0.9074519230769231 0.21875 0.18028846153846154
21 0.6658653846153846 0.9338942307692307 0.19230769230769232 0.12740384615384615
21 0.21403008138855023 0.11801993907121044 0.1946905778968803 0.19965755650126488
21 0.9254807692307693 0.16346153846153846 0.14423076923076922 0.23076923076923078
21 0.48384845972134405 0.15052776877466753 0.2609661502119189 0.25989315765468335