6 0.7562068605128367 0.21218867637157016 0.23467938414199152 0.22958174512003843
27 0.17758635811371717 0.39544968514024414 0.06340250686389973 0.06258170815489067
27 0.2627407440057741 0.4023258297665613 0.06594296744485707 0.06451057300893645
27 0.2190340631881322 0.42175579097460647 0.0531316568800368 0.0692263355424539
27 0.2588423951372131 0.4696965121935842 0.05885907772278342 0.07371652184867236
27 0.196724631651469 0.47730132380003243 0.05885011203513703 0.081497526789007
27 0.6871451097866702 0.5343772727255695 0.03398228854222378 0.03769543541028743
27 0.22109011617003144 0.5220193273138665 0.06400346840236128 0.0626132032145559
27 0.6860149122109184 0.5970662430835613 0.05624547223237805 0.05502372403703394
27 0.7184668352878414 0.5987669763054868 0.052995042452925606 0.06742345092706928
19 0.8076923076923077 0.8894230769230769 0.1778846153846154 0.21634615384615385
19 0.5233263632275514 0.13240894043642332 0.17450111969874327 0.2174493111362517