28 0.6180344361228951 0.15874836934354147 0.21204031912525123 0.30642253133312425
28 0.3526058587314926 0.2334768767855388 0.2010391751843879 0.2668137281148155
28 0.07537795978783607 0.2623136740238477 0.15075591957567214 0.2947480038179608
28 0.20643762306349464 0.34049801064792307 0.24900579651217752 0.2468641640470941
28 0.8842487039486877 0.3086366539795536 0.19544628835751254 0.3446992231635715
28 0.44814704963420837 0.39529978557537115 0.17730743800365736 0.23229002714244606
28 0.0747897829754993 0.5343937926446511 0.1495795659509986 0.22448164547992852
28 0.7331013277184008 0.49129489503912105 0.2522068284469998 0.2494781268233666
28 0.28888054822923187 0.5749405839469635 0.2835057853245871 0.281543323321737
28 0.5599264908863032 0.5631575797411542 0.24310658205973715 0.24047633874211108
28 0.8705134037048267 0.5940219730954813 0.17134677949662921 0.261749777522729
28 0.3590073275028886 0.06820749542147328 0.176216114224992 0.13641499084294656
28 0.42521358924791 0.749446860022826 0.2340553917331028 0.23207551219931724
28 0.666971972696211 0.7743686513251384 0.21385579010067785 0.21154201990950428
28 0.08116776513851623 0.8170643490021856 0.16233553027703246 0.28251013976811845
28 0.140380017245981 0.0894971275688014 0.20481688858496108 0.1789942551376028
28 0.829746924675031 0.8299098127769515 0.20619045828256388 0.21279860130658024
28 0.20187709553673316 0.8941308091983083 0.18681262005295002 0.18037194822099203
28 0.6078819144166313 0.8980068716252393 0.1334376424281308 0.11210623610832335
28 0.5070157109511896 0.10376008823838653 0.17312518567322008 0.20752017647677307
28 0.8151496223721966 0.11631560636543958 0.22583795607107285 0.23263121273087917