12 0.5705236387995684 0.28436322496365357 0.15049317529451975 0.1541032270450075
12 0.42263944264762554 0.34230130887431187 0.14631282877531204 0.17709922249934948
12 0.5573910291209555 0.39675532146687875 0.16386924903417904 0.1695564812412863
12 0.34845560571361606 0.42194734430292485 0.1027363136238916 0.1334499312390483
12 0.664755456112019 0.46707971354563055 0.13088702075258804 0.13395268147321104
12 0.3798520291908456 0.5138330156329527 0.11081182592231077 0.23045001923449931
12 0.5555898697085792 0.546284343611627 0.12971659273533037 0.13445553089041531
12 0.2870571026000884 0.5340207251866259 0.11004744807406802 0.1131030622416959
12 0.6546565937805582 0.5676488035221396 0.12389850311352776 0.12620152634475718
12 0.48063481891367654 0.5715495042149296 0.20997559057810677 0.21580584289794835
12 0.28606459311972543 0.6220554461657826 0.18404487005490686 0.18915512133524987
12 0.22167488953980813 0.6530113081680935 0.09676585951340468 0.09945269266080158
12 0.6952325818475005 0.6916674839434833 0.12861509584885794 0.2504533966244098
12 0.39462583237807003 0.6695432997829959 0.1505561654138502 0.15530515012193066
12 0.568783809102897 0.7091080541019513 0.1359917758231859 0.21993923753383982
12 0.6388205197803726 0.754658242915853 0.13317338308404886 0.2346689396316062
12 0.2945087195160395 0.7603501345113587 0.1250612649163223 0.15980631643797485
12 0.4005401323818768 0.8100456100399034 0.11626730725705633 0.16327720629777567
12 0.5129539905386709 0.8300854571304007 0.12534727585813094 0.15384575711398824