22 0.29034929649033236 0.37344562448431196 0.26090494471420117 0.2566123229612268
22 0.15875393987278974 0.3892188604701922 0.18164881601925248 0.17922326477617834
22 0.7771120011358162 0.38814511166611154 0.24243725323707382 0.23957464465119996
22 0.179089783130308 0.612496650442862 0.18972006121333532 0.3425728423037078
22 0.9266826923076923 0.6045673076923077 0.14182692307692307 0.21875
22 0.8347379003890184 0.6289742568594154 0.19582999038816568 0.3350682348722324
22 0.5484329983814653 0.6760634150943428 0.22893129952863725 0.22516473436303722
22 0.6945427537552906 0.7174786625977299 0.2033523833801862 0.20000666348448567
22 0.2412171261748607 0.7542642791254329 0.2200942129724286 0.21816229417092878
22 0.9014423076923077 0.8449519230769231 0.19230769230769232 0.23317307692307693
22 0.48555849902036197 0.9176829146804051 0.12533668912741028 0.12327454730490327
22 0.31821354101712485 0.9399432569841127 0.11162295828719114 0.09627243494255047
22 0.783542698000966 0.13107186740841054 0.23788392018059532 0.23397005917053035
22 0.1357061595394274 0.16124533912383912 0.22061815178039065 0.21698836132750804
22 0.38969704242269404 0.16616333540186662 0.18564408484538808 0.33232667080373324
22 0.6537188641849112 0.17448933416352153 0.17142970625692217 0.3189525773041062
22 0.9002403846153846 0.2091346153846154 0.19471153846153846 0.21153846153846154