14 0.1655286439889229 0.24636952074433555 0.32557213138263674 0.4014917277420981
14 0.2809357016080458 0.2684331660152087 0.49660638268397955 0.510529981179776
14 0.351675706931186 0.28879884499030056 0.318328974641058 0.32667833370147037
14 0.5890422484345189 0.2866647320661761 0.24509325559989611 0.5588598841532707
14 0.7399193030118473 0.2917839009448554 0.44904778318129956 0.46106217005735606
14 0.890625 0.28365384615384615 0.21394230769230768 0.3269230769230769
14 0.8275352060243678 0.33580005495536636 0.13356027826698436 0.6716001099107327
14 0.5139006096509674 0.42450739600874243 0.21763171064594372 0.22315777076703222
14 0.1519483072817998 0.4751298686132378 0.2778421207363564 0.34781718585044746
14 0.9174060398360661 0.03789136516799442 0.15211977197982443 0.07578273033598884
14 0.5259075699898716 0.6008539017205525 0.43906508897248575 0.4513753737886684
14 0.9254807692307693 0.5973557692307693 0.14423076923076922 0.41586538461538464
14 0.3010377349500153 0.7913537511257177 0.4455685406251155 0.4050887003314625
14 0.2692491213218346 0.08626332075637091 0.38525305033597684 0.17252664151274183
14 0.7836538461538461 0.8317307692307693 0.42788461538461536 0.25961538461538464
14 0.6050488735299956 0.09505150383996236 0.19889273261146803 0.19010300767992472