22 0.321167600718404 0.41333210781686075 0.11126828524576221 0.11004744807406802
22 0.53168862525201 0.4459270039649968 0.11886493735979815 0.11643500417466676
22 0.4174432093165245 0.4950424338090616 0.0880851444969761 0.10344198196063313
22 0.5696700434165332 0.5712998338713381 0.10103671878638182 0.09992814250403889
22 0.5269076887440741 0.6517129214058073 0.09971926161370949 0.09806226776932356
22 0.10883724314961706 0.7076653994014438 0.07378475122100156 0.1326396922727474
22 0.7496467292216846 0.7628107582699267 0.09151357720703092 0.1102100341820367
22 0.3146114565976679 0.7783438932951348 0.11514363403327967 0.11444314920129053
22 0.7034630913905239 0.8646065007116891 0.11834099855183612 0.11760543219192462
22 0.6442252420138008 0.31406785217123134 0.1049120675738991 0.10432384363126126
22 0.5317066091660284 0.3153583194156954 0.07355368302950319 0.12903392304197803
22 0.4694681179685955 0.33485638155271324 0.07034109820541254 0.11628775049562456
22 0.587410624968056 0.34343325940095604 0.10679197491978329 0.10562025188718015