17 0.423373177112057 0.16500720189252174 0.248205568852809 0.31566319280379296
16 0.6132806363565677 0.2933092651079599 0.18105062793074714 0.2780668716384617
19 0.8269081925414875 0.30910613528499 0.33148798505759913 0.3296127034126072
19 0.19355542704631865 0.374948069615919 0.22822469978861235 0.22751716967139443
19 0.40347590992200455 0.5181487859467953 0.3277947848525553 0.3265239705098827
17 0.07705733083645351 0.5247668183011218 0.15411466167290702 0.24184132890993604
17 0.6591964974528148 0.6167115029497334 0.23944057687191772 0.36530521239992014
17 0.8810055702750195 0.6820110198417209 0.20856884224532954 0.39821771919508575
17 0.1733655189117967 0.6968116786000536 0.30857044653518173 0.3056576646150377
19 0.03494941510897364 0.8893121815815704 0.06989883021794728 0.13920128624006403
17 0.7836538461538461 0.9278846153846154 0.2548076923076923 0.13942307692307693
19 0.46634615384615385 0.921875 0.1875 0.15144230769230768
17 0.12259615384615384 0.9471153846153846 0.14423076923076922 0.10096153846153846
17 0.1735002048441046 0.11348733531041681 0.2395380518502523 0.22417716360694462