2 0.4403201045461531 0.3728696579125351 0.19788769872410938 0.13321651377555987
2 0.7315009530925207 0.36462357092865605 0.1448685073951212 0.07476714466188629
2 0.5350164963391019 0.3798669458331793 0.2284457481695508 0.2087152367939352
2 0.6365185186693012 0.409504873765533 0.12766564271741443 0.10400714047941897
2 0.3126901484090447 0.44441160912605626 0.13065519473657383 0.12448880739956864
2 0.7408450057279905 0.4438525447806647 0.14247147154366063 0.13634784814245293
2 0.8372091611691587 0.44233842193793294 0.1091409896687676 0.10444995706325517
2 0.6096545023567654 0.5022712913729465 0.11899664989497848 0.11443265127206896
2 0.24359373711353172 0.5232181635570152 0.13664219912286305 0.13131977007870296
2 0.3379893756258536 0.5543518622410354 0.1836523200900283 0.1416187541967677
2 0.46184738519593904 0.5637795286934755 0.16202506003059097 0.1545103519446959
2 0.7578359260499988 0.5553375432597676 0.23755851558774913 0.14860581675880652
2 0.583361481259187 0.5877771959063641 0.16207763735242126 0.1551113134831573