6 0.8111993353694413 0.05971148033619917 0.10577706565513924 0.11066732370730073
6 0.6292194533124486 0.11340922033392802 0.22712933950080363 0.11484085025697875
6 0.6055035035866435 0.0028869603600526696 0.10739771590241244 0.005773920720105339
6 0.718386373329091 0.010232422414954999 0.12632821488027937 0.020464844829909998
6 0.8336311323018185 0.01870860758120979 0.1362233123194399 0.03741721516241958
6 0.9464720451206996 0.025357059985233247 0.10219227488615318 0.050714119970466494
13 0.485348942491332 0.5045553955334059 0.6529359888054854 0.6861929370474503
6 0.4979029958869935 0.05338381608136641 0.14856421283601323 0.10676763216273281
6 0.6624965292195111 0.05588710984041727 0.23105677847891523 0.11177421968083454
6 0.8791995732140614 0.8216089486611556 0.2190034256720265 0.2422294761052906
6 0.6940334911619637 0.8394800645426906 0.20794136925891474 0.22050261768464152