9 0.05316575314960534 0.3061851423973406 0.10633150629921068 0.13640874633314273
9 0.06337673295584417 0.42203145064783243 0.12675346591168835 0.16137059360335718
9 0.4931892635831324 0.46524732262071516 0.9312897420645043 0.9249333448115546
9 0.7007967657697457 0.6435173457913959 0.3594244187036963 0.35320326608343594
9 0.7829949763669345 0.7210585662281818 0.1610845240457288 0.2635130691024607
9 0.17335918241714346 0.7012591827412412 0.3467183648342869 0.4313645193286363
6 0.8868859521257335 0.777678696618525 0.1474961293443233 0.22585471897004303
9 0.8641826923076923 0.8930288461538461 0.18509615384615385 0.2091346153846154
7 0.06009615384615385 0.8665865384615384 0.1201923076923077 0.2620192307692308
9 0.8112980769230769 0.9026442307692307 0.2091346153846154 0.18990384615384615
9 0.7524038461538461 0.9086538461538461 0.21634615384615385 0.1778846153846154
9 0.2752019401354478 0.9201122236433259 0.06108750399314207 0.06030792900913932
9 0.6778846153846154 0.9170673076923077 0.20192307692307693 0.16105769230769232
9 0.4266826923076923 0.9266826923076923 0.0889423076923077 0.14182692307692307
9 0.1964469037084888 0.9282013462190908 0.082039299521411 0.08023123753872323
9 0.3249126648443783 0.9350962047955534 0.08394719020795545 0.08209708027218181
9 0.15745192307692307 0.9519230769230769 0.0985576923076923 0.09134615384615384
9 0.23798076923076922 0.9615384615384616 0.07692307692307693 0.07211538461538461
9 0.375 0.9735576923076923 0.0625 0.04807692307692308
9 0.29927884615384615 0.9783653846153846 0.055288461538461536 0.038461538461538464