0 0.8774038461538461 0.27403846153846156 0.2403846153846154 0.3173076923076923
0 0.9294490709135403 0.2743343145789904 0.04775457530773126 0.5439900576017094
0 0.8569711538461539 0.29086538461538464 0.28125 0.35096153846153844
0 0.8621566458116903 0.3248882270531881 0.074893251837664 0.6497764541063762
0 0.8001183386775667 0.34849803341333757 0.11762639395591251 0.6969960668266751
0 0.7442995073216387 0.37538697582980834 0.1232887950437678 0.7507739516596167
0 0.9254807692307693 0.34975961538461536 0.14423076923076922 0.2091346153846154
0 0.673023564280575 0.4094084544693738 0.14269700096172772 0.8188169089387476
0 0.584752809847724 0.44337721953141074 0.17431331200314032 0.8867544390628215
0 0.2458257693612585 0.4800206177044164 0.47855625016311154 0.6649587645911672
0 0.3383318742056194 0.4890186950626071 0.22954836379585414 0.9780373901252142
0 0.47294725882100397 0.4589444669755707 0.5970696747067775 0.6273973058803407