27 0.587773331315245 0.23677705615145508 0.1958414899187185 0.17192859870185911
27 0.6847423739674615 0.27059942942472465 0.22334701571882604 0.17995645330987414
5 0.09728763596528892 0.27813281929494915 0.07385921258991386 0.07153058570766209
5 0.17488308608013034 0.29177957154749073 0.07072833492415033 0.06957022579395102
27 0.8775120428612719 0.37291097484404123 0.13888473039651325 0.13661062519539482
5 0.05324495203895297 0.3333055222140337 0.06305453989327378 0.06258170815489067
5 0.31353270984610215 0.35652677260482324 0.08402090042360709 0.07984700666230674
27 0.4377510200140319 0.36902437028048823 0.16271719365003096 0.160612480864549
5 0.11879590139322849 0.363086306230862 0.0629284699198179 0.06077882353950606
27 0.6945505619056825 0.42798836238231713 0.18671363186400733 0.16127132171269898
5 0.15581161350589726 0.41292695264904133 0.0726152661885055 0.07086663404986997
5 0.3417482338417568 0.43464666179518113 0.05248937214787775 0.06562056631168467
5 0.29263748098585174 0.43446791305647364 0.06582396097181983 0.076498308718502
5 0.23799612264781958 0.45794968514024414 0.05703228951299075 0.07064872403703394
5 0.7081749156803192 0.502948523986862 0.06853460539273061 0.07244905324759762
5 0.30318561541487765 0.4996867098069726 0.05714160615329652 0.05508671415636453
5 0.1422707464137913 0.5104138129281138 0.07128727313812656 0.06900075931515477
27 0.8063288480930887 0.6050915422867552 0.19450086187267218 0.1784446904459402
27 0.5564128947420593 0.5931915205429179 0.19666932141275678 0.19232979594988614
27 0.9387019230769231 0.6153846153846154 0.11778846153846154 0.16346153846153846
5 0.14953226489156018 0.6485089865356065 0.07033749000811522 0.07254353842659328
27 0.7816679933790932 0.7319335881762683 0.11530028875242483 0.09046767778215944
5 0.10622073081462416 0.7312629301045911 0.07253121953953495 0.06966471097294676
5 0.11956167784180849 0.08290713825948187 0.07535529893823395 0.07580030659622344
5 0.2685220895405049 0.8259901071560279 0.07394325923888445 0.07273250878458516
5 0.6722166234386477 0.9477383849966573 0.06035653046803064 0.05824899714699874
5 0.5507130760291112 0.9569383928249382 0.08744594136076764 0.08601409734524851