28 0.36626030095153644 0.37599211363274254 0.05368929008436369 0.08235463157799408
24 0.8452943044491921 0.5610921479671066 0.20725023007938476 0.44987601891301693
24 0.3236596890645767 0.5428762658043439 0.3717729173925988 0.378745088852754
28 0.13232314373499693 0.5494238591346469 0.05310930819124856 0.08353556861555902
28 0.18390093781595712 0.5572382739040521 0.05130642357586391 0.08347261049748493
28 0.45250231768633387 0.6026977118441381 0.05432172109084486 0.08417850223273668
28 0.13694810252674888 0.6289606426051502 0.06360143138068683 0.0652835096316958
28 0.20531086039393937 0.6397665126304262 0.05506954014673131 0.0926129498105562
24 0.08653846153846154 0.640625 0.17307692307692307 0.7139423076923077
24 0.6231814779015882 0.6772093344851476 0.4757301386081789 0.48507713862054086
28 0.1717889754043491 0.69993134342817 0.05439514984955726 0.08838523300196745
28 0.2510319798998865 0.707509192931121 0.07581996878070853 0.0771214996496256
28 0.21008875999529367 0.7794414220257994 0.061756587474609395 0.0628167053597754
28 0.2710511625928279 0.8008127672710869 0.04695283528920823 0.07491224668351748
28 0.7997504589215569 0.8276939434446072 0.05247687718476722 0.08171169796081629
28 0.23740339973115915 0.868189136530369 0.04981078546409101 0.06660371534184588