5 0.27219986849959454 0.012127761029024528 0.06617718607773398 0.024255522058049057
5 0.4258358619482963 0.1556791704737191 0.045644499473406125 0.05955227526032041
4 0.981138585434381 0.006227922808469248 0.033491611055778546 0.012455845616938495
27 0.10894649891821148 0.1841076781981538 0.16381862269636224 0.16083138305197783
4 0.24638405896504972 0.1993166226123012 0.09314290324637521 0.09094678918722288
5 0.4614793151218233 0.1942584879311782 0.05126231795836379 0.05011175259348459
4 0.725853417432443 0.18776648527195527 0.07320200213497631 0.07295934633648217
4 0.07964730312961611 0.01943874302132909 0.046614815677017966 0.03887748604265818
5 0.49589431284047747 0.20406159632190304 0.03907167604553271 0.04555529792715628
5 0.8665049498103927 0.21248589713235805 0.05819122986241254 0.05811660073688819
5 0.622269692132722 0.22559490762805365 0.03691270295397256 0.051494968532352095
27 0.9327352006440262 0.23696975100091947 0.11679669885899048 0.1558616906225282
5 0.7378277637326587 0.24744297044159203 0.05128680526459233 0.05071271413194613
5 0.7852190422351806 0.2628709979301249 0.04796161751959169 0.07222492615257735
4 0.25983173378242436 0.281759701464057 0.08881373594600134 0.08781957813093108
5 0.3102635284007364 0.28149278417317036 0.03757590529386631 0.03830878707590803
27 0.37568365305710444 0.29639622581605696 0.15513580078938596 0.15397599940093265
27 0.8395280115244976 0.28530072954193775 0.10254912322295585 0.10082446672543058
27 0.6337542923083654 0.29729062356692115 0.12508976893803017 0.12368954666328318
27 0.04753362770573337 0.31562901760162404 0.09506725541146674 0.141584934171686
5 0.7144076200650757 0.3213548087589656 0.047078029423640436 0.08000245376286753
5 0.9462318500738578 0.31821090677575214 0.03866661295690003 0.05034550403999369
5 0.45310056624819584 0.3409630480952131 0.0469576379642186 0.0475855030756542
5 0.009872528107997238 0.36489500192867885 0.019745056215994476 0.049056149988796156
5 0.3412503032473849 0.3754305079485106 0.03861763834444281 0.049143580963070616
5 0.42960491559020586 0.38726562803306563 0.030927574875585916 0.05192106812226486
5 0.14830594097774866 0.39665109030207135 0.05318763910489141 0.05316901887035696
5 0.5485463255931333 0.38500528452872296 0.04385488104699648 0.04509422594753373
5 0.4583531202114453 0.3888301368338777 0.03811462603089584 0.051529940922061875
5 0.7767647863711462 0.3819662997146388 0.05669341403902505 0.08028223288054562
4 0.38528477572486586 0.44377812321136856 0.07936976247421704 0.09174652978248374
5 0.016865476945537188 0.5122768993239905 0.033730953891074375 0.043308827527004004
5 0.577498608951086 0.49941067300146524 0.037377961772316365 0.06291323776312133
27 0.2408132235752527 0.5128087113509658 0.10583246732931115 0.15194116988437129
5 0.39662245206313773 0.5190796083810054 0.04876052257960321 0.04763796166021887
27 0.07566001591221891 0.5296191595104329 0.09874541047063688 0.12532400024351467
5 0.3469518090096337 0.53012886097449 0.054365074875585916 0.0526030297216052
27 0.9080050128704246 0.5198063703646498 0.10387348283102217 0.10386424680744806
5 0.5136762944147408 0.5336811603432956 0.07005027060529684 0.06926614613143847
4 0.8437153944440148 0.5360829839423438 0.06893098549259236 0.11545275361870261
27 0.687269495994186 0.5454370869123042 0.11794760225173534 0.18410688293022057
5 0.1205270568014727 0.5775340824655987 0.05128680526459233 0.05071271413194613
4 0.7931753716877584 0.038146354935219305 0.07315302752251895 0.07175742325955911
27 0.44939076613177326 0.6087820599108007 0.1382731692889805 0.137878872139851
4 0.06887498701517226 0.6666733626693735 0.061919435624324906 0.06122632559832516
5 0.49725742170239545 0.05275917818843435 0.04658828329906829 0.06798322299363682
5 0.0680239594034853 0.06885009054558601 0.03410379371149386 0.05621522986577005
4 0.6685142109403657 0.6816390908914192 0.05057258324052054 0.09210911550637271
27 0.7946181847923743 0.6803708361257411 0.1300045865161696 0.17065197763755757
5 0.18394331249053675 0.7005406562521427 0.050710331032359474 0.05129618947555278
4 0.5720665171117761 0.691648420529738 0.047175978648555 0.08240629991671365
5 0.47907766867658425 0.7051586022296968 0.03311103527337454 0.04658235905553044
5 0.09917601017857088 0.07034465456697855 0.02890430450414377 0.04645995569154641
27 0.6736952409478015 0.05379393432695307 0.07822803512700514 0.10758786865390614
5 0.44142625639231103 0.7158581309260839 0.05253770295397276 0.051949609598578986
4 0.22721663340320972 0.7581059362124027 0.07815661828004018 0.07670500512609052
4 0.44277908634119917 0.06394832034075794 0.06787803132476192 0.08961140746485649
4 0.018716589354392767 0.7706553884727423 0.037433178708785535 0.07888153074682308
4 0.920481375725539 0.7439364827344896 0.061269499473406125 0.06000691632654719
4 0.8579324011130817 0.7469569700763199 0.06672508286029619 0.09077835815206961
27 0.1415372726544707 0.7690024374202569 0.14067701544282668 0.13794881691927058
27 0.3155977781239804 0.7987522377534019 0.14755695273441832 0.14475174198575103
5 0.029246238141544752 0.8142872049658619 0.04030930754593813 0.06119778412201089
4 0.4424139289283398 0.8094682413672449 0.059159500994303255 0.06714851000866637
5 0.03743716174337892 0.0829455541344837 0.038078917607413346 0.03592242711691676
4 0.7183175158836181 0.8146457455801551 0.08503655557163206 0.08350793019257097
4 0.8192790543451566 0.8117080648445357 0.05103988713058527 0.07411524174223635
5 0.5794107174630632 0.8354944934736999 0.04381712755179297 0.058898855137294086
27 0.8879621259450933 0.8349200508567545 0.1182588062588956 0.11808854467372552
5 0.632272890613171 0.863968812859838 0.0400889217898807 0.055789130275857315
27 0.5732989556012423 0.07241158464815214 0.14698047850218549 0.1448231692963043
5 0.17941929605340676 0.8999549698522441 0.04027359912245579 0.045590270316866056
27 0.2738731856100245 0.0844694549001236 0.10598143623840398 0.12613479612023476
27 0.04720845085643019 0.9283999524941348 0.09441690171286038 0.14198068573995243
4 0.48419556923278856 0.9331043181685644 0.07312854021629042 0.07115646172109755
5 0.3038091584694126 0.9407540227788739 0.04311821678841687 0.05647752278859304
4 0.8771754407741774 0.9228702698103977 0.08878924863977253 0.08721861659246954
4 0.9393326184869768 0.929465167083952 0.045397581339398786 0.08295480287061051
4 0.1830291554276182 0.9586743386729263 0.04420892445145068 0.0685142397526787
4 0.5935971016107383 0.9587330121614208 0.061859239894613824 0.04501785025471851
4 0.7235517177558021 0.9513502248419982 0.057247446036750645 0.049685653003571965
5 0.41056197163123 0.9724622769357651 0.029997057238898714 0.029084529660726534
4 0.16356766797333724 0.11048848082524973 0.07061143357683387 0.11250040451095956
5 0.6226533087454954 0.09833095103304651 0.03409257259424008 0.041208677599086446
27 0.8575935618604746 0.10710136264993457 0.13109733925092443 0.15327655160673756