21 0.4121630211276837 0.9031268911317866 0.1207280707433215 0.11903019219909684
21 0.9016375838955806 0.8901902397763141 0.08719108493108016 0.0985102752259121
21 0.08725628341852795 0.11473199199199675 0.1745125668370559 0.1755259431620886
21 0.5820237612662043 0.12331191372216802 0.10034055236694851 0.24662382744433603
21 0.049886295615145425 0.23002289478828214 0.09977259123029085 0.18418497965420494
21 0.4732099152209538 0.22518412597017637 0.10270883570945945 0.3443735485041212
21 0.9148294213246922 0.23180455554178228 0.14425223462119846 0.21443121444915647
21 0.3612340327704634 0.3790410125115449 0.22894688238533292 0.22894688238533292
21 0.8556681502113773 0.38378318707271897 0.23025381153341584 0.23081977104815748
21 0.19070945348702 0.043386651898450854 0.07050416994903688 0.08677330379690171
21 0.2502500612545765 0.5364336642362427 0.104581724372284 0.34568047765220417
21 0.7434822556185675 0.5412458428448567 0.2296178479712344 0.23018380748597592
21 0.6861236275920923 0.04558124727663256 0.07062639663824928 0.09116249455326512
21 0.14060802091049243 0.6913524657596545 0.22827591679943152 0.22770995728468982
21 0.6302344460437141 0.696374656510588 0.1078665482543513 0.3506631800784963
21 0.06865298820518641 0.8348939272112396 0.13730597641037282 0.21482753019290557
21 0.5210705797612641 0.8225173082352858 0.10326942887659385 0.29229990680028695