22 0.26338038056572516 0.40128820217652206 0.18687227015863297 0.31606908484420365
22 0.1311129014329275 0.40320314157351944 0.11431285646512859 0.23554672661319523
22 0.7475386104645957 0.46675944867941066 0.22909651031128236 0.24223211314370416
22 0.13582189621076682 0.6271108541184112 0.252666869405523 0.26643373053032027
22 0.9205168360116658 0.7004677278658862 0.15232727023416823 0.26419416179985933
22 0.7881934162076091 0.7119980518782681 0.2520624115751077 0.2657977669681388
22 0.49953608539666344 0.728850926646542 0.20564152885151393 0.23786222652631867
22 0.6422852281942136 0.7852583313688114 0.1922175900720456 0.20223641277371074
22 0.18786740152649445 0.7744218014365353 0.20794398253870278 0.22057435000581385
22 0.8617788461538461 0.9074519230769231 0.22355769230769232 0.18028846153846154
22 0.41947115384615385 0.9471153846153846 0.11778846153846154 0.10096153846153846
22 0.25 0.9627403846153846 0.12980769230769232 0.06971153846153846
22 0.7718645692984101 0.21207991019615305 0.22485831291446837 0.23657844513151075
22 0.12402803083687162 0.17434772862605563 0.19300385508405313 0.23412237633589225
22 0.3775988371481039 0.1951281980204865 0.2562901200960607 0.2696485503649477
22 0.6394362607357422 0.2416390803623812 0.23331722624832787 0.2448809734635899
22 0.8927693191941231 0.30328493437219667 0.11762184155740812 0.28800539057794877