13 0.7673332598099523 0.2633902217077558 0.4364873265339415 0.43220035852344074
13 0.18993970890443185 0.2548806317088659 0.3798794178088637 0.3847612634177318
28 0.4913987082589505 0.36180163848093516 0.08404495850815125 0.08450228788172677
28 0.41085051132153494 0.41932249791864606 0.12796139866235215 0.12810252308139936
28 0.12908991636367584 0.4350220242484829 0.15981165049667545 0.09128431305940041
28 0.480094414617183 0.09602956948209057 0.12634963230409552 0.12259575711398805
28 0.8929636967617548 0.6642678391961059 0.12844367714899527 0.11082180664790056
28 0.25550701594411296 0.6340011424355911 0.10620810022591848 0.10900673240463998
28 0.04960161090911722 0.6259809228464904 0.09920322181823445 0.12696184569298088
28 0.6689053453541397 0.1259543615638264 0.0956819527631258 0.09620260466535048
13 0.44591346153846156 0.75 0.53125 0.4951923076923077
28 0.9248842546889728 0.8494864844192692 0.039738025856185945 0.09880287342779435
28 0.05723278035327065 0.8096297741295364 0.1144655607065413 0.15545231830381676
28 0.7439903846153846 0.9459134615384616 0.12259615384615384 0.10336538461538461
28 0.02283653846153846 0.9471153846153846 0.04567307692307692 0.10096153846153846