21 0.3546347097023096 0.3165942179189193 0.09130798621650066 0.46453946516665867
21 0.563699396880981 0.3299069750001261 0.355045345688669 0.363217385446623
21 0.26651671277482725 0.3459821792495712 0.14485118983496087 0.677861740050552
21 0.03245192307692308 0.3400755538176409 0.06490384615384616 0.6801511076352817
21 0.8782256307227295 0.3733555827006524 0.235160722102515 0.3854624852673265
21 0.11014084200412805 0.3513431167087933 0.18355747701730338 0.7002385004156191
21 0.4045420676443378 0.3676358913788392 0.1903149031728628 0.7130895391562497
21 0.5053637496939882 0.38318077676021756 0.3836401790260815 0.3942518062195269
21 0.7720927732825899 0.40091203977364065 0.39274550877073183 0.4023790968098972
21 0.17827284507664573 0.3861874482725308 0.08246181186650017 0.5303094577676994
21 0.6478051989179048 0.43865622335819593 0.1526348764872691 0.5724072998716916
21 0.8761146409685341 0.45143861062193646 0.12405444982370256 0.5942365084440449