28 0.8448254499567623 0.2281229806204433 0.2933957038893918 0.32103515945113936
28 0.6482039016093921 0.29089214426413157 0.11580184179472582 0.5341441092110085
28 0.05760508170532283 0.3586884135172816 0.11521016341064566 0.463058901868826
28 0.9373062001763166 0.3104182416890873 0.11026566551533835 0.42767580478205885
28 0.21026722024071917 0.3961202706208252 0.26834204167830317 0.27945851154815987
28 0.5315990110567882 0.38905699135462873 0.15123308949907965 0.3747174565319383
28 0.2934223433761901 0.41329088367127337 0.109533091400201 0.38029795536485456
28 0.7408581080442678 0.3983296778269028 0.2539567182504299 0.2645081067690852
28 0.39492669271820013 0.4505263181662195 0.22766337946721485 0.23660640606883485
28 0.49760024398959596 0.038489882567393045 0.11500912550430197 0.07697976513478609
28 0.6031735763089979 0.04113613518773606 0.11096053968969653 0.08227227037547212
28 0.855151020007201 0.5626991997337581 0.20582164451551677 0.21505771317760092
28 0.13201185236235388 0.6467822794817086 0.26402370472470776 0.30285914511540735
28 0.6678285663659645 0.6618449696707458 0.24459947288630618 0.25535880432119357
28 0.0668383969003309 0.7158803692277851 0.1336767938006618 0.2317008000059683
28 0.4352207425578668 0.6964056090734114 0.1453040670069616 0.44970276946866206
28 0.32624162960096675 0.7544164340191604 0.10717821985881205 0.3813036541992631
28 0.8807954719525698 0.7271174801521177 0.17835800093541876 0.26133185082218063
28 0.24954098350566842 0.7846359591968339 0.2583103728570322 0.2684572684242551
28 0.801031867506974 0.8031081943741256 0.11184716861601711 0.2606943204000908
28 0.46915417443883306 0.8337929090719194 0.18200561380483377 0.18915512133524987
28 0.712116092192616 0.8391165330720649 0.1445031704296533 0.1507550269282991
28 0.6210903183991552 0.8681095575509805 0.10350208309415102 0.1587884279756902
28 0.08598138871036672 0.09919552027890642 0.10187978566789922 0.19839104055781284
28 0.2012190802576104 0.08967225215388257 0.17387477882386188 0.17934450430776513
28 0.7868270241593847 0.08071399657770105 0.18703369186858373 0.1614279931554021
28 0.2901879203278678 0.11047980278608024 0.18700920456235506 0.19435526212797158
28 0.385780603510177 0.14580195173346688 0.23832049713317593 0.24825766679182998
28 0.4953821244813978 0.21951210464296972 0.23394235522034498 0.24370754359819854
28 0.14998942989235964 0.2584875911361325 0.09908718344476466 0.3297313628237456