2 0.38584120133689265 0.3728696579125351 0.19348150593158392 0.13321651377555987
2 0.6765176155942855 0.36462357092865616 0.10941499147594112 0.10820265013139604
2 0.4790242902629174 0.3798669458331793 0.22142535486854123 0.2087152367939352
2 0.5758182592293535 0.40950487376553313 0.11393667284182481 0.11438367665961174
2 0.2489632832352493 0.44441160912605626 0.12645982456570024 0.12448880739956864
2 0.6747641138723135 0.4438525447806647 0.13787553839164837 0.13634784814245293
2 0.7707919797874984 0.44233842193793294 0.10562025188718029 0.10444995706325517
2 0.5361752409294603 0.5022712913729465 0.11513859591874802 0.11443265127206896
2 0.16927375187126897 0.5232181635570152 0.17321651054150225 0.0898136253579323
2 0.25879319225683606 0.5543518622410354 0.17892989336502474 0.1416187541967677
2 0.380633464671023 0.5637795286934755 0.15681774127578793 0.1545103519446959
2 0.6761175712361082 0.5553375432597675 0.19166584429209402 0.19011196147957718
2 0.49811208642247373 0.5877771959063641 0.15684923633545325 0.1551113134831573