28 0.7162910145300441 0.13873867246727037 0.12027661937677109 0.12755061760356637
28 0.5157656530332974 0.18877724287109146 0.14606941812084037 0.2245628952268935
28 0.6868512924069108 0.2457587831910114 0.15982819957271432 0.11155754837428916
28 0.2567376454661342 0.3109309995242142 0.15512270108682868 0.3352256416141564
28 0.4252656018399387 0.34166645639434123 0.18390941796976973 0.3273639863704862
28 0.6201869178186991 0.36182998505834524 0.17491906825894768 0.22751854767553106
28 0.7827472143113327 0.40026754099629736 0.18617650805984673 0.20080638205824491
28 0.7079420889570479 0.5639005277124325 0.14990554194297884 0.16120436457437093
28 0.489227051876585 0.5877665491658829 0.20974686715408752 0.22555610688430136
28 0.6568677514492993 0.6726866566188057 0.13539505772105953 0.14500298065774447
28 0.8264437940540641 0.6768816936753675 0.20248638060519725 0.216553972618296
28 0.3651406763030059 0.13493548879748907 0.1305628913696913 0.1404038014034845