21 0.4717584137904801 0.9411427887523508 0.114836498903034 0.1150374393555024
21 0.9591346153846154 0.9579326923076923 0.07692307692307693 0.07932692307692307
21 0.09444925839073982 0.12237436316314111 0.09274467062763349 0.24251072071517102
21 0.590955370502489 0.15315883636127187 0.18254276849344805 0.18511365866789545
21 0.020587330508804493 0.23362067804529915 0.0402866028613694 0.3145971253213675
21 0.48945620443523025 0.2649636477071585 0.08490809726153231 0.34147354907035266
21 0.9331546195853454 0.30773837166533197 0.13341426289361089 0.20980802694604714
21 0.3869509076404556 0.4103943301367524 0.21760481894948555 0.22138166647115404
21 0.8835409307590936 0.45560188025796017 0.21881723090226976 0.22321252615667767
21 0.19378931874091132 0.05258090936928435 0.08099734927564183 0.08240317585315177
21 0.2856685116743263 0.5594587568672545 0.08671797446082426 0.34271743475248395
21 0.781056611716041 0.6046383319183233 0.21821277307185427 0.2225975770831465
21 0.6902814456848456 0.08096153641356896 0.06385266430850688 0.1306754219515225
21 0.18557405361730517 0.7061473125140493 0.21699686482711655 0.2201657558591615
21 0.6773563844282509 0.7512429623547014 0.08975075248876152 0.3475950647355236
21 0.09503204692050214 0.8422423610296476 0.18147720080271926 0.2085231835977566
21 0.5757211538461539 0.8605769230769231 0.0889423076923077 0.27403846153846156