22 0.7444705144507526 0.3643741207281844 0.17572795089053847 0.24485245936270772
22 0.2956324535146914 0.4492595583946701 0.20358641661967825 0.275203700228819
22 0.08078154606719776 0.44409223472979414 0.16156309213439551 0.2151075463826652
22 0.5127015205352801 0.4860387565671905 0.19993038738945865 0.2229200463826652
22 0.8828520848863224 0.5944884849543357 0.09874225895556339 0.11108953837466182
22 0.35561985068697943 0.6096397971936232 0.14744073525836093 0.24260640270940884
22 0.13871064028936683 0.6223494573172685 0.19928328418902927 0.19654774273779743
22 0.7317042204486317 0.667748764444879 0.18402797745121163 0.2351611435646606
22 0.590978700449731 0.7645456228713596 0.1865076335790635 0.18503039457109066
22 0.9126068384876623 0.8593078776211619 0.07348484102380883 0.1778490525732803
22 0.7183408032623119 0.8588545336756481 0.19580770326919852 0.22387695529354856
22 0.09247785519845876 0.8544143237517525 0.18495571039691752 0.20403929738909538
22 0.1814903846153846 0.8966346153846154 0.18990384615384615 0.20192307692307693
22 0.35216346153846156 0.9122596153846154 0.20432692307692307 0.17067307692307693
22 0.6970906745904893 0.19628046086516854 0.1728788814837243 0.16987227514989514
22 0.2840158627075035 0.20118523048688208 0.19675336806172725 0.194604850027533
22 0.5806387227605918 0.22208199943530266 0.17354685635478645 0.23933879944539405