14 0.1201923076923077 0.25930950299618 0.2403846153846154 0.5180180444538984
14 0.2692307692307692 0.29195905594221244 0.47716346153846156 0.4854923807409885
14 0.3389423076923077 0.31841625998768913 0.26502403846153844 0.35077985795273076
14 0.5757211538461539 0.33697232704400987 0.22295673076923078 0.5471609549809908
14 0.7259615384615384 0.3552197827123118 0.43149038461538464 0.4384211157562862
14 0.8870192307692307 0.36163682441950074 0.22115384615384615 0.3115525624360481
14 0.8125 0.38317262486956144 0.1045673076923077 0.7133636906835997
14 0.4951923076923077 0.4677782292673385 0.12980769230769232 0.29012637862048973
14 0.13221153846153846 0.4866827609881057 0.2644230769230769 0.3339424450531344
14 0.9134615384615384 0.07604068430942952 0.16826923076923078 0.12312945804080584
14 0.5 0.6445448401564164 0.421875 0.4292388555165918
14 0.8858173076923077 0.6765196909280005 0.22355769230769232 0.28755606018827934
14 0.26802884615384615 0.8365384615384616 0.5360576923076923 0.32211538461538464
14 0.265625 0.1188191939292501 0.28125 0.23327462162644583
14 0.7680288461538461 0.8894230769230769 0.45913461538461536 0.21634615384615385
14 0.5997596153846154 0.14027653533555356 0.12259615384615384 0.261755308440719