3 0.3450478788157139 0.2788391192728095 0.2088932852033375 0.23771902582064658
3 0.09012388695403194 0.32798311477120723 0.17645209482162905 0.34018920819158677
3 0.8641397615268338 0.39278796162889884 0.2330308256777363 0.25028377045758565
3 0.5500996724831564 0.4265037875573178 0.21415600381938907 0.2456434261012021
3 0.2956431219878939 0.5500551135443907 0.2365084410840708 0.22755913227660274
3 0.6988247981709841 0.6138888724596148 0.26141602608030823 0.25334503075969583
3 0.06352661313188436 0.697644901069925 0.12705322626376872 0.23511885170630364
3 0.2359743603959027 0.07164904290051409 0.15075836626073086 0.14329808580102818
3 0.9233343523010229 0.06573405380657014 0.14796357071074284 0.1314681076131403
3 0.059676129561514545 0.08033201572382474 0.11935225912302909 0.1374128916292736
3 0.45973694002685217 0.7826936493176813 0.20582383981119726 0.2880599197007214
3 0.8228814258933912 0.8126507664569971 0.24799078722705742 0.23922917713862218
3 0.21486021133563915 0.8448070230309827 0.2283459208468714 0.22136767893608458
3 0.6268053692943902 0.9024353410706192 0.17330303426206475 0.16247244322780466
3 0.0632508222818703 0.9371902643503738 0.1265016445637406 0.11823807253878235
3 0.49108577743424464 0.10452157656566491 0.22513110101224404 0.20904315313132982
3 0.7231624981391735 0.15481020721527716 0.25251253620976755 0.24473574373026194