21 0.9423076923076923 0.5120192307692307 0.11057692307692307 0.18269230769230768
21 0.9389030037514124 0.5204326923076923 0.045745627026819266 0.25961538461538464
21 0.9085486912234846 0.5396634615384616 0.06026915521266492 0.3004807692307692
21 0.8624574177615477 0.5564903846153846 0.20752609451454873 0.19771634615384615
21 0.6584103970196471 0.5625 0.24211844197255744 0.23076923076923078
21 0.8088187230360453 0.5661057692307693 0.06518880845436624 0.30288461538461536
21 0.7554599306455654 0.5817307692307693 0.25215368009047595 0.23978365384615385
21 0.5914682347111578 0.5961538461538461 0.2609590048979688 0.2481971153846154
21 0.37749959374902176 0.6213942307692307 0.3572446064754335 0.34134615384615385
21 0.4893904008368769 0.6237980769230769 0.31573378952582315 0.3016826923076923
21 0.27324183558891263 0.6538461538461539 0.4584778515281016 0.4375
21 0.10877596264864066 0.6838942307692307 0.18306795762250586 0.6274038461538461