1 0.691125945627342 0.17088025100540472 0.1564326085367417 0.24520224947435043
1 0.5899056815612298 0.22005376407993701 0.16548898711710927 0.25283364143842274
1 0.49589695595665606 0.26889139435244236 0.2018854190667357 0.20946893029744476
1 0.3922518679849756 0.3217826375917529 0.16550297228492392 0.2552374875922689
1 0.7893122296327928 0.43666656455172304 0.18812354200048248 0.42571628984450377
1 0.28799842521335134 0.47924118852337116 0.17204792101603006 0.4508018996937891
1 0.6928646949548359 0.4916257711428527 0.2986056645170811 0.3113031368885746
1 0.19516365235007108 0.5328305306365643 0.30827698980372487 0.3213663652399952
1 0.5916654086404459 0.5371935149866158 0.20673586823302187 0.42357917939076606
1 0.48806227617220976 0.582873219764388 0.20251864858792984 0.42158036314086555
1 0.38557715577400786 0.6429200209982325 0.29738625998038953 0.30824234872926226
1 0.2939443059876507 0.696453382644421 0.31069831741733955 0.3244831338663117