5 0.7723465729535005 0.21935951358025893 0.040031233218614334 0.050357298625519784
5 0.7385456578008098 0.2491540214381418 0.046801267134494666 0.045284527581393
15 0.6916218992893055 0.3362489737193008 0.13413651772176666 0.16908757539549127
5 0.7297891013870719 0.3416461178942142 0.03736981795070722 0.05442407822723921
5 0.7547597272605197 0.36090653432215947 0.03182628473358525 0.04518573328229823
15 0.37747857084976577 0.356605801995903 0.15395605886312147 0.14785964687849543
5 0.7328553531339672 0.37798371253692903 0.035321653032179566 0.05133529983442482
2 0.914689229356794 0.411789108604003 0.03129895687758723 0.03139160813118503
15 0.5561728591923578 0.4288727365245155 0.14740672762854928 0.1703043220710024
15 0.06510983251127694 0.4077088060694648 0.1302196650225539 0.154750126136595
15 0.2115644277228769 0.43815868804361596 0.16445445256982205 0.15912479830683915
15 0.8583463104724197 0.4960323709952798 0.16975270548380111 0.16535833555947257
5 0.7492153013960242 0.10366534866344496 0.04431149848726735 0.06612224979303105