18 0.5432692307692307 0.3987790718873437 0.13942307692307693 0.23083029959259946
18 0.4014423076923077 0.41305713582961984 0.14002403846153846 0.21162051640118826
18 0.8762019230769231 0.4332418761532261 0.15625 0.16230733177154705
18 0.08533653846153846 0.42485501758883903 0.17067307692307693 0.18624849671613958
18 0.796875 0.07109671895796724 0.11838942307692307 0.09007174975353024
18 0.24639423076923078 0.44129658382909653 0.16826923076923078 0.2264289756356307
18 0.9639423076923077 0.4687577609764203 0.0673076923076923 0.18023505179271382
18 0.9326923076923077 0.08425302539134162 0.11057692307692307 0.10722681585726054
18 0.8125 0.5319788944428142 0.17848557692307693 0.1841174690739478
18 0.6875 0.5276137982563458 0.13942307692307693 0.24224856882336873
18 0.5336538461538461 0.5655106029499231 0.18389423076923078 0.19091692035124688
18 0.3545673076923077 0.5724779170673865 0.20432692307692307 0.21266409953557355
18 0.054086538461538464 0.5643887435422219 0.10817307692307693 0.19187844862290546
18 0.16466346153846154 0.6127213286302517 0.15625 0.19776406254077783
18 0.9338942307692307 0.6540065359315962 0.12740384615384615 0.17031442495928514
18 0.5973557692307693 0.08696589235264257 0.15144230769230768 0.1375000203797599
18 0.8509615384615384 0.7015912317309584 0.16887019230769232 0.2534932309057579
18 0.5961538461538461 0.7131258433508496 0.19831730769230768 0.20644462375737788
18 0.46875 0.7399268030069491 0.15564903846153846 0.16228634573218906
18 0.7283653846153846 0.759810079701922 0.1502403846153846 0.2167849713779669
18 0.07692307692307693 0.7574939053455191 0.15384615384615385 0.18806473376796126
18 0.31490384615384615 0.7934486077005263 0.20853365384615385 0.2146138864264642
18 0.18028846153846154 0.7911515810381756 0.13822115384615385 0.18571621212926787
18 0.33533653846153844 0.09223905611562214 0.13221153846153846 0.16567462096645702
18 0.46274038461538464 0.09789001953644577 0.15324519230769232 0.15799567080552623
18 0.9435096153846154 0.8610730817920937 0.10817307692307693 0.14079671785367454
18 0.18870192307692307 0.09072423174303414 0.15625 0.1617063702330856
18 0.6117788461538461 0.90625 0.18990384615384615 0.18269230769230768
18 0.890625 0.9086538461538461 0.18028846153846154 0.1778846153846154
18 0.46033653846153844 0.9134615384615384 0.17548076923076922 0.16826923076923078
18 0.7379807692307693 0.9266826923076923 0.16826923076923078 0.14182692307692307
18 0.06610576923076923 0.9289911566370748 0.13221153846153846 0.14163615942799568
18 0.18990384615384615 0.9266826923076923 0.15384615384615385 0.14182692307692307
18 0.3233173076923077 0.9375 0.1466346153846154 0.1201923076923077
18 0.7103365384615384 0.12576703698271985 0.18269230769230768 0.20830283288791546
18 0.0829326923076923 0.10866530420063773 0.1658653846153846 0.1884844545551216
18 0.8701923076923077 0.15779163114426126 0.14603365384615385 0.15173422294861463
18 0.9675480769230769 0.17681636952026072 0.06430288461538461 0.13926473698053907
18 0.5420673076923077 0.21724671519324307 0.13401442307692307 0.13989623293068496
18 0.27524038461538464 0.2451885291028969 0.13762019230769232 0.18809907224375616
18 0.4098557692307692 0.25589901730370906 0.17848557692307693 0.18531939215087087
18 0.9447115384615384 0.2950092846400405 0.10997596153846154 0.1715087144332871
18 0.16947115384615385 0.2799565246374236 0.12740384615384615 0.19134807880543908
18 0.8185096153846154 0.3074291394517791 0.1893028846153846 0.19471156393623829
18 0.6658653846153846 0.31291599314714935 0.17728365384615385 0.18347453545677014
18 0.055288461538461536 0.2964018694670918 0.10997596153846154 0.21297506058713334