18 0.44187919122590374 0.17703732376805517 0.19917535916895746 0.18775529291792217
18 0.6180986697869736 0.2137623980028841 0.1439266961974205 0.14324117152751076
18 0.25058570383219 0.303969613485737 0.21642978756902076 0.21337334098018182
18 0.611678905411635 0.31237604045085415 0.20827446528182014 0.20477804148581752
18 0.4146880023991146 0.34337828457580094 0.2351687656034966 0.23122085164764977
18 0.46794606259232235 0.42139037935619617 0.1265100326992895 0.15784558393696593
18 0.7027393918699298 0.43513803483974295 0.2036453150915398 0.28272120352991476
18 0.2616601550171103 0.47422306435673056 0.1682549152671831 0.20985049202078004
18 0.9204650151517703 0.5141252373188027 0.12316953369359304 0.22321051627857905
18 0.5612144967546344 0.5489041159124995 0.21909685887621827 0.3082972889869659
18 0.4011179446050213 0.6174726962545403 0.23957139482255624 0.23612645670082807
18 0.22350473466064166 0.6444215700264955 0.17247286715366775 0.22495845569273515
18 0.5230590763981658 0.7191026215822645 0.08883822325223001 0.08792372997986128
18 0.3236643272317992 0.7501608158474891 0.10425201354170519 0.12730794328645836
18 0.5961580434061371 0.7522239364644225 0.10664259350657637 0.1417729828147435
18 0.8440256026925268 0.7692696354072108 0.1776029845857744 0.17404457534433768
18 0.4478093165855188 0.7977042027136748 0.2126526071946511 0.2090826850005344