21 0.662083999431781 0.22452813785186648 0.488332001136438 0.44905627570373297
21 0.2916609364705292 0.25936132011697605 0.11182819491877265 0.1182542205420354
21 0.901881237768175 0.2850973409405919 0.15606549788160334 0.1839103298120527
21 0.9474144630131038 0.30647564867633786 0.09700694139054879 0.1522349391798061
21 0.7021242591460926 0.33758339743099725 0.2798810562644488 0.19412555439066853
21 0.12397296423860088 0.4566618867585598 0.24794592847720176 0.2363156495598035
21 0.8239092732589882 0.469866061515206 0.3465493278221888 0.19140020210050515
21 0.31170823530816516 0.5309377857245966 0.49928566421493986 0.5259068639003643
21 0.929203008322516 0.5454364745712655 0.11061927925794197 0.11698229341767238
21 0.7653498851621633 0.622264717330782 0.1925283593783499 0.15239160710512295
21 0.6599994080722269 0.7629704540734364 0.29256108621292864 0.30840732563429796
21 0.25238905963088193 0.20257534010712036 0.3995536184883794 0.4051506802142407