5 0.6706330425843477 0.6453183156373753 0.13790195288717955 0.12010647424017024
27 0.4208838132765486 0.677495479958539 0.3251661746690975 0.21971921282397927
27 0.1354486070852562 0.6684142437500314 0.2708972141705124 0.24067464134621683
27 0.8315498546022965 0.7086768539563487 0.3075864370460474 0.3157814812174723
4 0.03831462853749969 0.7961080649160797 0.07662925707499937 0.12106228367831307
5 0.24573573007029845 0.812118472702145 0.16173160633864866 0.1635722129665441
5 0.42213867167660185 0.8303075990426338 0.1408233378385952 0.14242599532067912
5 0.3449519230769231 0.9387019230769231 0.15144230769230768 0.11778846153846154
27 0.9326923076923077 0.9711538461538461 0.09134615384615384 0.052884615384615384
27 0.6382211538461539 0.96875 0.3293269230769231 0.057692307692307696
5 0.08627780787895958 0.280750164594218 0.17255561575791917 0.12938799699523176
5 0.5615158478498928 0.32033356246345757 0.13220006327409203 0.13311776769274392
4 0.33052281651955107 0.32189030796536194 0.2871532422688304 0.2892475957648114
4 0.8487744582954591 0.3820895536630002 0.263198203471261 0.26619356330677163
27 0.5874246193314634 0.44754281542956564 0.2667749926928421 0.2134768362370204
5 0.06898117182077976 0.44727183526321707 0.13796234364155952 0.1493513628341264
5 0.9626753900236641 0.5015454606830717 0.04969947714497854 0.0713904216101802
4 0.27693580956431585 0.505265606584158 0.3074590418218485 0.23291174702785392
5 0.815927869419444 0.5529572237738152 0.17342962627080666 0.17599017848357745