22 0.32449380631978586 0.7153519839621654 0.1347473058655006 0.12392744276837184
22 0.038461538461538464 0.07451923076923077 0.07692307692307693 0.14903846153846154
22 0.43855051838881703 0.7117717687796066 0.13468176034134907 0.13411229386255277
22 0.03505841161406171 0.7386889929723318 0.07011682322812342 0.12788732386992244
22 0.24341849233053287 0.8214838230184534 0.08846049037985694 0.17843619402966426
22 0.15479624604452014 0.8429090248065086 0.1391719466475674 0.1397414131263637
22 0.3370476229015138 0.8417479882067223 0.11788377691927014 0.14521816790149017
22 0.014008387586715647 0.9415569216853675 0.028016775173431294 0.11628519509080348
22 0.3029782703617985 0.11956585690501847 0.11158048437838303 0.18504166014309917
22 0.40015018004421804 0.14084297481221875 0.12759364671365056 0.14752497347151936
22 0.1517402654564088 0.19221748773652575 0.09323413222306291 0.18947396713962908
22 0.41776364941096067 0.262179326271761 0.11080588491085609 0.11308375082604101
22 0.3719713634624902 0.026604063598463464 0.12144188845963501 0.05320812719692693
22 0.33250543349767897 0.33377034669393263 0.11573955745720953 0.11573955745720953
22 0.08201684497196064 0.4248083211567012 0.10253712164661567 0.17258149853855434
22 0.1257712138608932 0.052196834881621114 0.11864987997052127 0.10439366976324223
22 0.4234464321760134 0.4968113975587254 0.12459394983098503 0.12459394983098503
22 0.2875661343643751 0.5051312041200038 0.10817135172006864 0.1542981365025649
22 0.47793467539935475 0.041680886759894016 0.10040056839901805 0.08336177351978803
22 0.3459717766078875 0.5799807179148138 0.1276540814281602 0.16011367071954638
22 0.16441840187317233 0.5906941490106542 0.09115801368997488 0.13842373143006353