18 0.4731043483621787 0.18223566211864275 0.15298664150836208 0.20521014766439644
18 0.6169388018491987 0.22689962663862126 0.24103019006678095 0.23306569886824272
18 0.1849583889017349 0.24535613835694428 0.15034963545892133 0.18054274951733454
18 0.3695063646388147 0.27106807940849326 0.18121461319800203 0.17465952441786878
18 0.058755344249581426 0.3530286788346687 0.11751068849916285 0.207404180792201
18 0.8051518181692731 0.35455122866752065 0.18693828525763523 0.1801940660796476
18 0.17733980200123262 0.39677047097911305 0.19208414353208197 0.20672029898237199
18 0.5605669599382647 0.4322616273106833 0.223859173887881 0.21646207388290614
18 0.3669291907292145 0.45957417699444414 0.22647303218404688 0.2201237932539532
18 0.7232358669123047 0.5244989636450849 0.17110863946292307 0.22783737556941774
18 0.8585168507659835 0.5717625998098816 0.14102556051612625 0.2265370372774841
18 0.14359448640951733 0.6052067145493054 0.23661344715523064 0.22936201689198737
18 0.5862877617657442 0.6501164250662388 0.19587677715189594 0.18940431464754298
18 0.2699956889335454 0.7018890722186429 0.2079600848333441 0.20108834704463163
18 0.4275994743757933 0.7162252091141557 0.26516180340595735 0.25583280212395854
18 0.7343354339448328 0.7666999487106297 0.18896247549816947 0.22525219392919354
18 0.35447471667920816 0.08083705399199374 0.16184383587235296 0.1616741079839875
18 0.6577634988341856 0.8861109643171469 0.19619179536537545 0.19481296849369684
18 0.20848199199199674 0.08877043751527759 0.17867075894927606 0.1721997281237448