12 0.6549526155118854 0.3420675127307734 0.0715740084895992 0.2796223569321324
12 0.8464421016510675 0.38670481014056474 0.2861697268337343 0.28512360157664157
12 0.3208931056476641 0.4793410112373447 0.16381043237856857 0.22842259027811096
12 0.9425451754532292 0.5261829875630829 0.07452028377636347 0.3451481430862232
12 0.7232916639649153 0.5575745281055989 0.10808108641055779 0.44347549334695735
12 0.6389323557736668 0.6402703065783957 0.11551899444041097 0.387683969758356
12 0.8449917763533507 0.6763263147554598 0.2568095716765932 0.2553408308034948
12 0.604529325679527 0.7524267650443395 0.14486729489047173 0.31352137283943965
12 0.3875118231822879 0.7934057189198627 0.19994459509106205 0.1988010754112925
12 0.20897683879193363 0.8327352092004211 0.1408703605747051 0.3254916538645094
12 0.7195384134621723 0.08892579585517678 0.20034624999873238 0.17785159171035356
12 0.511594802079223 0.9133314573642691 0.16859273851041864 0.1581800184840548
12 0.36365336539095244 0.9210613066151072 0.11303154158245367 0.14191167898936996
12 0.8435523701308907 0.13919257014154376 0.12963817838323932 0.12948728565832088
12 0.7078460439574924 0.20325896195468976 0.14926588411390895 0.29013981540419487
12 0.8017699644124412 0.261048327070005 0.11835155843945153 0.3090069579640552
12 0.5641099731540455 0.3142842676149686 0.10876155999990914 0.37919358719335594