4 0.8241269434497147 0.1466346153846154 0.14466391836460074 0.2247596153846154
4 0.7073900283478629 0.15865384615384615 0.1593120152253555 0.2548076923076923
27 0.11960442173582587 0.171875 0.2312170905534183 0.25240384615384615
4 0.38298957282706503 0.28365384615384615 0.25684077209476447 0.2361778846153846
4 0.5985544221709396 0.28846153846153844 0.16594629319234308 0.15204326923076922
4 0.9213606672952985 0.31009615384615385 0.1448290056552701 0.2403846153846154
4 0.761053768143589 0.34615384615384615 0.19289911842980728 0.17848557692307693
4 0.16853511252122433 0.4014423076923077 0.2894651377875351 0.265625
4 0.13964155658724955 0.6069711538461539 0.18969135677535576 0.18990384615384615
27 0.36704474871374515 0.6646634615384616 0.30585618661666614 0.28125
4 0.11810991575512665 0.8004807692307693 0.1176053934606833 0.24519230769230768
4 0.49542331791566796 0.8269230769230769 0.18152607119569056 0.16526442307692307
27 0.3242391784246422 0.8485576923076923 0.32465108159964334 0.296875
27 0.6488635638375341 0.8497596153846154 0.258853965997471 0.23858173076923078
4 0.23873047234116782 0.13221153846153846 0.23527398970512778 0.21634615384615385