22 0.5362039678422053 0.24286728319899462 0.11640220629777541 0.11318332871998024
22 0.2312098426675157 0.2606920910489083 0.10475094557478051 0.1024631583630935
22 0.4572694932503116 0.2513696863289843 0.07800211189082464 0.07547421263565496
22 0.38949561959208473 0.29313407234378863 0.14398509219546002 0.12105346615065844
22 0.9507211538461539 0.6995192307692307 0.09375 0.10576923076923077
22 0.49980119699840764 0.7428442638565138 0.12546568543532727 0.11420414376097554
22 0.7393763377911292 0.7365118432303095 0.11960323823259791 0.11572712604133747
22 0.8459058879085837 0.7556800041393791 0.11593612413028254 0.12214177132989881
22 0.16809480702339058 0.8029339679969247 0.1163040941765182 0.11198140564305703
22 0.3163237939699584 0.8008560628630627 0.12436187447966149 0.11535008637089397
22 0.5640180599373695 0.7905260097370578 0.13270170233565934 0.12950808455753668
22 0.7023127482829457 0.799769236498544 0.11050299184533521 0.1069218012338445
22 0.9795673076923077 0.796875 0.036057692307692304 0.1466346153846154
22 0.43507117949215296 0.11245043360894796 0.11651260722995033 0.10720170356886705
22 0.3352624088638675 0.14605492715048476 0.0994036366001728 0.09562865957199854
22 0.6869107321742074 0.13812209232363065 0.1330206163212663 0.1187467573322333
22 0.5216340202863667 0.15305893523179093 0.09225344301018062 0.08871019008039681