28 0.3620344921538079 0.38250770622324853 0.06863021220326729 0.06960172085361631
24 0.8391095114405961 0.5760359748440412 0.2124065563772754 0.45336501365502985
24 0.3174748960559807 0.5486982630545703 0.3760337080512356 0.3851345731995728
28 0.1259844305384042 0.5519039879271621 0.05406081480795565 0.08443934436198411
28 0.17749226089754772 0.5606221784429923 0.05225793019257104 0.08434485918298816
28 0.4456738584370243 0.6107896574807342 0.05528022407973355 0.08510329601977623
28 0.12968586820217576 0.6315458616007381 0.05266654358762891 0.07776577731957647
28 0.19795067685882287 0.6435497599410426 0.07479720334157655 0.075325325296423
24 0.08533653846153846 0.640625 0.17067307692307693 0.7139423076923077
24 0.6155554322235682 0.6883068599296223 0.4811873089098813 0.49325315641959505
28 0.1637151619067023 0.703147103642194 0.07173993706470426 0.07336496538271192
28 0.24290219542478636 0.7121121438257044 0.07668751893123556 0.07842461816772656
28 0.20110541811402977 0.7833507775801031 0.050793714192824795 0.07526744598673438
28 0.2618439368017506 0.8057940428967318 0.04780639269537193 0.07571093222686952
28 0.7904452839199363 0.8419231569406477 0.053407394684929645 0.08260496468693426
28 0.22739858751137154 0.8726029250594215 0.05056639365971135 0.06745494598673464