14 0.20031272094038435 0.2829474254760425 0.14214310046381687 0.1461089278680167
14 0.6120948453917877 0.35033535973456575 0.07914424715179767 0.20780646297650415
14 0.4308547159142495 0.3571066093311399 0.12450446061532852 0.12740597526626102
14 0.7260799491012904 0.3891267599927583 0.13675589807094632 0.26187577976688803
14 0.3258922310255627 0.4094612789743268 0.14405794601321043 0.14864938844897407
14 0.5581103260822154 0.4994276153989058 0.06611736797648586 0.18526108474448086
14 0.0924062906429396 0.47620032397345174 0.10714415521266488 0.30753918129818025
14 0.22081115734817167 0.5679494845257076 0.14971851196088456 0.15446788557646146
14 0.39109237100221705 0.589295778497361 0.16924400712526436 0.17511033722071284
14 0.6987220703728251 0.7175429202222735 0.18431085941889308 0.19002536802221762
14 0.5224015941369882 0.7222746288039648 0.17607850591635932 0.18041894909447967
14 0.19516896768171274 0.7300448787161342 0.11599883263246731 0.21479102043032883
14 0.4609585951553787 0.798431813290253 0.07256497438957059 0.2594070446871021
14 0.1326360065571891 0.8037071407638356 0.09705127966406818 0.2708439549973025
14 0.7519886072444292 0.8687313498439283 0.27122470366412443 0.16607043648912714
14 0.3681536352397601 0.8746248605271271 0.07014464767346268 0.22029900654473195
14 0.3515706957438928 0.11710281105250392 0.15870328784063156 0.1287997263044504