15 0.15492665481514534 0.7159788780812082 0.3098533096302907 0.3275598138808352
15 0.3366159244115038 0.7735982463723423 0.2954364815146101 0.3003081307796751
15 0.7380277914927429 0.7599614549819044 0.210283507922311 0.36150839313061905
15 0.8591909540704752 0.7536578999656828 0.18530739571797766 0.24229730583392622
15 0.5381234470710147 0.7822576824952374 0.20526803848283587 0.348544808398526
15 0.9425101622937783 0.05215026222080711 0.10493443743078665 0.10430052444161422
15 0.6751440801033589 0.08498184905663475 0.2123050040321442 0.1699636981132695
15 0.5076916587585537 0.09739325555753088 0.2219356089530631 0.19478651111506176
15 0.3403932828747476 0.10653923784508942 0.22565691227958146 0.21307847569017885
15 0.8279119157225201 0.09165399401310113 0.2296092837975983 0.18330798802620227
15 0.17466764461765577 0.16628300582049768 0.23844637035380695 0.24125464138372374