22 0.29309917107721434 0.4860438234884199 0.10275183671688122 0.096105298744069
22 0.6413625270211346 0.48762174338604364 0.12930444615832243 0.1196861467141708
22 0.7371485023117865 0.5062861133203136 0.09894984324359732 0.09368047483850074
22 0.5671132533599237 0.5288996904519648 0.0807492512860301 0.10618878580367462
22 0.06571510604048598 0.534219444095196 0.12000807471158621 0.0793867607177107
22 0.3924665363428833 0.5491373917653993 0.10963217238189507 0.11416561152549853
22 0.7166406885760087 0.05333228619036688 0.10638208438644406 0.10666457238073376
22 0.261506076201938 0.5787317520896449 0.0839993392814811 0.1092110749557509
22 0.033936910332875485 0.6341468814935889 0.06787382066575097 0.10557383909739844
22 0.8661227375039988 0.6629129114961637 0.11589935688057114 0.10999733996775846
22 0.3646980289018969 0.06515397646421364 0.08832866061076289 0.12545451795398088
22 0.22584122911144086 0.6918663581663769 0.08285866189306276 0.13203013195752078
22 0.49548902444907444 0.6999084114025967 0.10005365419926313 0.09248554434548485
22 0.39362009764046785 0.7557632722375576 0.07595394697229671 0.0695196430816598
22 0.06269880300159235 0.7624939251197844 0.10096114172937268 0.11831989791542369
22 0.47137722677727356 0.7745325309304386 0.11753049569223496 0.12262102856740444
22 0.5692727118579997 0.796788684927663 0.09269494755583861 0.09064070422665602
22 0.34488116570266136 0.8377387819050858 0.10980391818561613 0.10155241180171369
22 0.671411794140709 0.8406444913899657 0.08975148473507708 0.08401614213576417
22 0.43684056989819425 0.8444118914057547 0.0955035310056315 0.08825433953257818
22 0.07371273166858051 0.8777596665779741 0.11479554592490557 0.1111922704607742
22 0.5954700367962883 0.8879390464244096 0.10478771282449163 0.10632863748182277
22 0.7456123092904156 0.888266896512908 0.1001027102598919 0.09308650588394639
22 0.1494095062589822 0.9217693098862397 0.1046896007032343 0.10512671440489968
22 0.024812631830505513 0.9225664644516829 0.049625263661011026 0.05869883909739844
22 0.32081852327453053 0.9411950701112666 0.09880267506171131 0.09187759022311599
22 0.8339415649994272 0.9394111598597306 0.10140274545807196 0.09429542154477707
22 0.4023530682627851 0.9431234205594097 0.0830059292579902 0.10439988635610466
22 0.4733892195443391 0.9559250193711196 0.0871023582780876 0.08099734927564183
22 0.054295150698012114 0.11861977766829251 0.10859030139602423 0.10154891550975989
22 0.5722384710906427 0.12761821218952724 0.08318986468958738 0.11401177467953574
22 0.4230037853096666 0.13088913874789077 0.11830320303441756 0.11001132513557324
22 0.8345766158454807 0.1369041440061147 0.08989865291696311 0.08581902675114893
22 0.0414021770371742 0.1968216960912739 0.0828043540743484 0.13391343128784053
22 0.7899094361228951 0.19843297619813577 0.08510324942018818 0.07858301424593456
22 0.22571695243968526 0.20772211343532096 0.12030231189231672 0.11242566016528051
22 0.5279147829754993 0.2143734438291181 0.11704003426898961 0.08717828296598845
22 0.12487810372123921 0.22152365174578884 0.10990203030687347 0.1027543348786367
22 0.7197564922987401 0.2336803301277193 0.11951751410529955 0.0733771453330953
22 0.9014432995227223 0.2890868642374572 0.10675005443267994 0.10093396880348357
22 0.590954697191539 0.2956986431932582 0.12030231189231672 0.11242566016528052
22 0.01996710605540649 0.3159239620491769 0.03993421211081298 0.07969053744010779
22 0.8396548603594416 0.35431936183495105 0.09836107133301161 0.11590206659376288
22 0.49843139625638005 0.3695194169268986 0.12357697750960288 0.1010318649781872
22 0.6276738032618661 0.03914520897416464 0.08599854732242179 0.07829041794832928
22 0.9167497822692809 0.39591816640546307 0.10400281585443293 0.096713252866438
22 0.46401604055781287 0.04191539187955446 0.11458713205451482 0.08383078375910892
22 0.047955820262493884 0.4574362188502671 0.08125219988627573 0.07555722880190475