21 0.7008546397449428 0.13664249064978573 0.24638415033009217 0.23183580072118073
21 0.7022668721091877 0.13901836173349302 0.23004567882279156 0.21646207388290614
21 0.8655927445807688 0.1749611389434822 0.22688313916499242 0.21458925159217432
21 0.9567307692307693 0.030048076923076924 0.08173076923076923 0.06009615384615385
21 0.84375 0.42788461538461536 0.3076923076923077 0.5144230769230769
21 0.21706207547350337 0.45968274681442306 0.3471124935120709 0.9193654936288461
21 0.09096530704024128 0.4615654316695513 0.17099453113974208 0.8028306751224359
21 0.386943497426282 0.05033787906292722 0.12965622562179474 0.10067575812585444
21 0.6229061675492156 0.4708630411229162 0.6979269254700484 0.6561646489926287
21 0.39909294395754896 0.48691168693119624 0.5966284021247853 0.5608475425953264
21 0.5486321175959401 0.05578698810571561 0.15014885057649552 0.11157397621143123
21 0.8381849742628196 0.522457788463995 0.2976633848335457 0.701424550355823
21 0.7992630454579058 0.060201019553365084 0.17064147553119632 0.12040203910673017
21 0.27367668556524194 0.09961471533867498 0.13076034938023484 0.12359077624465821
21 0.08513984977898836 0.12139423076923077 0.17027969955797673 0.24278846153846154