28 0.9451999049718717 0.2343672390235797 0.08058706284504179 0.1922542825619446
28 0.12026044095778803 0.26916970040740057 0.15953989433907972 0.21539417394682167
28 0.046715703343463866 0.3153769766867543 0.09343140668692773 0.14809220047264524
28 0.558954127359746 0.30540666774758907 0.15361432560343488 0.21638623663016446
28 0.6729352197031969 0.33859499149674827 0.16597414128925053 0.16166439815436953
28 0.8557538773521803 0.4161399905229449 0.17180302838025724 0.16786288789320708
28 0.1070903870607444 0.4746565744825307 0.1511937261164386 0.19891637993606387
28 0.5453385702265143 0.5001182062091275 0.1486638099891366 0.19702955116324716
28 0.8452145395645595 0.6011522002116667 0.13799784226161987 0.18166973607198036
28 0.05444799504875589 0.08941543822521586 0.10889599009751177 0.13847681585726057
28 0.6845166239447649 0.10438787981161246 0.1485251050200131 0.20361914204696602