21 0.7144916042173056 0.16228506047105087 0.1982139776653805 0.32457012094210175
21 0.434682312806142 0.27523701635412845 0.39884476493093185 0.37450687799905363
21 0.8846153846153846 0.30528846153846156 0.22596153846153846 0.6105769230769231
21 0.34397937058628003 0.6023007917544074 0.47259126668814255 0.4444146364698924
21 0.5460487373282529 0.6336330214709123 0.34480589372417864 0.49336397799048753
21 0.9591346153846154 0.7920673076923077 0.07692307692307693 0.3918269230769231
21 0.865198725522607 0.7971339906600748 0.19547414284378725 0.3847495113046493
21 0.24762969871248933 0.8548453363854556 0.18435458012190276 0.28554890053492915
21 0.4924039071399553 0.8941015301988138 0.22407112608210455 0.1995488861822363
21 0.7041976661573464 0.9108848122215425 0.19587076221264446 0.1601926877172715
21 0.21835125151872778 0.10332174356119012 0.20239993824276523 0.19089067592297088
21 0.9158653846153846 0.0985576923076923 0.16346153846153846 0.1875
21 0.4889481650206088 0.12174218766832277 0.27116556081044835 0.24348437533664555