21 0.3564039531945052 0.27694580560878373 0.27503180913088676 0.2947583163169908
21 0.5655036056595836 0.29015044748792135 0.08533894252698679 0.5803008949758427
21 0.26847476881362076 0.31604629747178425 0.40740457769987015 0.43574078488072243
21 0.03245192307692308 0.3389423076923077 0.06490384615384616 0.6778846153846154
21 0.9535359597402377 0.30306084777841813 0.09221174134659112 0.6061216955568363
21 0.16668970816130818 0.3346961656517997 0.33337941632261636 0.46041536100409286
21 0.4065980264850711 0.34133193049400806 0.18620298549139627 0.6826638609880161
21 0.5074896391075355 0.32913844828673466 0.10897922746030125 0.6582768965734693
21 0.7742676140971069 0.31496279698052815 0.3904832547401972 0.41823975535588975
21 0.18048265117756984 0.3659640970270926 0.0793918597199632 0.5334275748502707
21 0.650224796737271 0.36641096200113693 0.14933415345044582 0.5783734609036981
21 0.878562211017026 0.3539141602080796 0.12062085869853252 0.5990241685314575