11 0.8307161561082125 0.25196814107697574 0.2439213886852164 0.3135945450220889
11 0.6370805604849359 0.2588759735231832 0.2535836007891926 0.24599361694746283
11 0.4588963269325938 0.33745158946255305 0.32818198430849294 0.3179566460856573
11 0.7816143982894482 0.4787969067128198 0.3912744494306786 0.21618584046818937
11 0.6477123482252682 0.5599432142878199 0.3807388720723501 0.37019934226565204
11 0.29409500313256143 0.572975577216346 0.2756931974736083 0.2441073095911861
11 0.10830250756775464 0.7350993370064636 0.21660501513550928 0.2990320952178421
11 0.8796562876195863 0.7154058925677342 0.1798023636181815 0.33851221139182697
11 0.5288888303256816 0.7427774072089204 0.27064031590186133 0.4912838373852565
11 0.20559196587194226 0.84153695464188 0.41061075566154065 0.31027154130985607
11 0.7906867654754426 0.8783379145747323 0.31093712903964527 0.20651299830395303