2 0.5404898411806467 0.48703590729534013 0.1351214377593012 0.1364545442826404
2 0.21719497572284657 0.5019692581272005 0.10196855884728101 0.1619023702037813
2 0.12148190108111542 0.5083081284591476 0.1619422761622918 0.16169658586169897
2 0.8487922864569486 0.545782080227643 0.16386759730881933 0.16478536425451337
2 0.37949947557647695 0.5695108140849535 0.13194521892339317 0.1321078623458984
2 0.5675381963135064 0.5914649207838103 0.13694880968091433 0.13713947652160877
2 0.9106739685860702 0.6218424308031714 0.13881598016945199 0.09463914869185294
2 0.45418807241758696 0.6065794687260746 0.10692726513578722 0.10694979146734682
2 0.7547667908732707 0.6229784316310472 0.17199130131597984 0.09918341922678472
2 0.18875897086741583 0.599015477825771 0.15239322249178142 0.08927330867778949
2 0.8641519626774516 0.8344115600901948 0.1606913784729116 0.16043868231777125
2 0.8061392749324509 0.8533031325915895 0.15951394270221705 0.16098366338922815
2 0.5287399172255063 0.846381260098164 0.15005874811317893 0.14974650219438684
2 0.24537991874640347 0.8403814083466391 0.11279504258512141 0.2067933775524689
2 0.14147172325054724 0.8811282041733196 0.14257784928312572 0.14280004246928285
2 0.457208244925015 0.20963861773660822 0.11425305984158439 0.227855021632125
2 0.5558638864576217 0.21663286218482383 0.15075765887655487 0.15217833858173524
2 0.8181279902891385 0.23484621937642147 0.14763041465310395 0.14903357972191628
2 0.16818145334849735 0.21177232518852235 0.14945778657471737 0.14971851196088456