12 0.7104651461024312 0.21394230769230768 0.10606735233457644 0.0859375
12 0.5882676055178593 0.23677884615384615 0.18534623282862922 0.15204326923076922
12 0.2866268725008597 0.23918269230769232 0.11862156406014077 0.11658653846153846
12 0.41335328671144317 0.2692307692307692 0.16021074643997663 0.1580528846153846
12 0.7590185177301443 0.31009615384615385 0.1733689613500912 0.1544471153846154
12 0.18211642045241389 0.3112980769230769 0.15349527129016768 0.15204326923076922
12 0.2901575362112349 0.37259615384615385 0.12889780750393748 0.1544471153846154
12 0.6199669911311255 0.40024038461538464 0.15960978490151506 0.1580528846153846
12 0.7422843262955987 0.453125 0.1259918147461844 0.22896634615384615
12 0.3710789123344856 0.4639423076923077 0.14488386800532227 0.2439903846153846
12 0.15601860014664043 0.46875 0.1932006921193221 0.1544471153846154
12 0.49826687874269016 0.5204326923076923 0.1748750892845375 0.171875
12 0.2836471391071198 0.5504807692307693 0.20175796952911978 0.1971153846153846
12 0.6314644605355102 0.5769230769230769 0.1956854152084651 0.1935096153846154
12 0.37753183004018986 0.6959134615384616 0.2378755591267627 0.23497596153846154