10 0.6719821974037183 0.4108137272766011 0.4158253283400607 0.3458840465258266
10 0.13553634276075838 0.41476908247437344 0.23806586299229365 0.1997304726410546
10 0.25154063771939533 0.4797015268336321 0.3966132771448515 0.40215143370389406
10 0.9170673076923077 0.5348557692307693 0.16105769230769232 0.23798076923076922
10 0.830731358938373 0.5599416682426122 0.14296668623632824 0.14512183777721022
10 0.1891938324098925 0.6386187241957013 0.0796920867688013 0.06919382800210136
10 0.4476702840676846 0.6563805343300122 0.4753034630158185 0.5665130326688826
10 0.7848557692307693 0.7608173076923077 0.4254807692307692 0.4735576923076923
10 0.28247223671672594 0.772770130022433 0.1831348989312473 0.2944370284237732
10 0.18340551264474686 0.7795983972371302 0.3025611035723038 0.3332352560127219
10 0.7175480769230769 0.90625 0.3870192307692308 0.18269230769230768
10 0.13341346153846154 0.9302884615384616 0.18028846153846154 0.1346153846153846
10 0.7884615384615384 0.9591346153846154 0.30288461538461536 0.07692307692307693
10 0.375 0.953125 0.35096153846153844 0.0889423076923077
10 0.34030253626936996 0.16196029634835532 0.294756269786767 0.29859533466791677
10 0.4775005157773083 0.21986568831814302 0.6156484578848473 0.27304041071073787
10 0.15726461312255685 0.2808003203140533 0.24349579027882867 0.2461970679288418