15 0.48490068751659865 0.12429157879508505 0.23144688573783184 0.22015176832409208
15 0.1974589195625017 0.1333814667121259 0.262951473512623 0.20048839044521924
15 0.7645844593007124 0.12258107976041602 0.2410988428079402 0.22877504288859524
15 0.7679858863618776 0.34686511895267025 0.2457154168585048 0.2342816094802353
15 0.1776595030231651 0.3630047245447114 0.2697442030051815 0.2030460994848292
15 0.4684338113538089 0.3574366806480231 0.24724436291552856 0.19112427899155998
15 0.1634874653541879 0.5816987744044335 0.23398734631878912 0.2220106030797546
15 0.7504081634069054 0.5788362727988241 0.28128115528776915 0.22071177219639443
15 0.45695678006819307 0.5880660360665594 0.2689065850672216 0.2078258167223827
15 0.441947124461256 0.8019803686887281 0.23338638478032764 0.22199661554468483
15 0.15552512701460053 0.8134461276894763 0.22756788765284017 0.21646207388290614
15 0.7342145160983382 0.808375605420993 0.25467533610541104 0.241688973432746