27 0.5793325587223855 0.23343345199191845 0.17871390873358928 0.18116610055907412
27 0.6751238191523427 0.26670206273142827 0.21645208229268212 0.17872275450048536
5 0.08609870485382408 0.2776771918937544 0.07108651694167806 0.07112753069891291
5 0.16330156089457903 0.2908753263974274 0.06802925066480575 0.06918469491601702
27 0.8641147700830707 0.36792711204020356 0.145254217268479 0.12439415664499319
5 0.03970045648296922 0.33313028090588187 0.057124511998223666 0.06567606302066877
5 0.29959562021603187 0.3548374463942397 0.07976227140296274 0.08053381704486749
27 0.42356855908765756 0.3666130498803192 0.1389805024157083 0.17691489899407933
5 0.10417177213350691 0.36253955334942833 0.0559051027264457 0.06501912101520282
27 0.6785032791273975 0.4240980053413468 0.16883623119538152 0.17170383374611503
5 0.13922451387574325 0.4121839295024776 0.0698671076699001 0.07047058869344693
5 0.32467039161899464 0.43282415219040227 0.04991297353668527 0.06534018021864181
5 0.27546149024456795 0.4329327991970637 0.06283043115691046 0.07614432127603511
5 0.21974049820279798 0.45674402494015964 0.06126129798803494 0.06346814850133843
5 0.6890850288278638 0.49900909937960913 0.0657128354852339 0.0720775416743157
5 0.2833596146735102 0.49811654768593233 0.055006875875451215 0.054774784627854345
5 0.12165955752425081 0.5097899538710933 0.0686127260084124 0.0686117236110578
27 0.7832639462405079 0.6006193841027208 0.1806042243232485 0.18425487895188872
27 0.5332989186302175 0.5901773700427067 0.19387783675396675 0.1866735487043228
27 0.9302884615384616 0.6105769230769231 0.1346153846153846 0.16346153846153846
5 0.12327753618702647 0.6478991467832381 0.0675157201006186 0.07216151237482239
27 0.7533521457856054 0.7276577002573639 0.11184055347453772 0.08982979942048694
5 0.07648172970257289 0.7309404860975918 0.06983213528019035 0.06926866561652371
5 0.11642092524911661 0.08224122128850496 0.07241084338258529 0.07539024193514819
5 0.23524974176167524 0.8247564083466391 0.07112148933138783 0.07232945377583605
5 0.63482203788191 0.9441915009196646 0.05576521316760664 0.06021142870751051
5 0.5126805251019829 0.9541064932852049 0.0841088917310325 0.08553744098707565