18 0.6217824604612611 0.3907380875331747 0.16936137387992864 0.25170375780355553
18 0.48938910866426816 0.40405532654506904 0.17477044875873943 0.30347036869263344
18 0.7198506553273454 0.43452572614388846 0.11064769334818109 0.1112841477265237
18 0.31822653429958314 0.44314352459818573 0.18069572926356486 0.24469152597280797
18 0.8350115004529398 0.4557705413279135 0.17415508054643206 0.2505857533080179
18 0.23625800916860423 0.46214960102232183 0.18179233899891495 0.1840258800562122
18 0.6337021076115422 0.6061340740465625 0.24196583490426432 0.24335764173162894
18 0.8066112029941995 0.6235782198995232 0.1584667241284253 0.1932321615873416
18 0.3258140009425912 0.6175902079148033 0.2492612872129355 0.250695058065246
18 0.4684092922195845 0.657346401095642 0.2504911815722362 0.25311988386443846
18 0.7913210163174168 0.6978456949245969 0.1598928384970263 0.26415611294847646
18 0.5491881957842011 0.8438901504706985 0.15608385643636247 0.19499308691203346
18 0.6801418686040612 0.8509846241211501 0.16838937181730665 0.16817010395740167
18 0.5277684174093019 0.20516548513623073 0.19332948617978912 0.19444153284084928
18 0.7558960461244768 0.22958431005974192 0.17370796106104736 0.26379641733149867
18 0.3311137168878338 0.2654477260216881 0.1665099872080406 0.21320026005132414