3 0.639573576938208 0.25727954787040647 0.39639427048371145 0.254619403859589
3 0.15607255009421392 0.2928246444641561 0.25205006627515386 0.2410600368241455
3 0.3634921658666779 0.41044927533798103 0.32316100944037424 0.2541148476580398
3 0.8942307692307693 0.47596153846153844 0.20673076923076922 0.2548076923076923
3 0.14159837322202679 0.4976820889346689 0.22974307769877397 0.23094110094626089
3 0.5930841835838808 0.570588815026336 0.26161079257038555 0.2490823498501871
3 0.3245340242198412 0.6255365510278849 0.2475911955590115 0.23735635484789014
3 0.8381583779944778 0.711889236465866 0.322022261341789 0.21208950257094045
3 0.15248213428049506 0.739128752045513 0.21688338043983757 0.21864211947564136
3 0.49750107069001864 0.8167572353563572 0.25304571108391316 0.34968021239992014
3 0.6947115384615384 0.90625 0.23076923076923078 0.18269230769230768
3 0.3401442307692308 0.9134615384615384 0.31490384615384615 0.16826923076923078
3 0.47675970164353887 0.10829402165507519 0.30508190328707774 0.20149549297021926
3 0.26084201771720295 0.160866891511966 0.2968068667345197 0.2805007027405451