5 0.6870001136448182 0.33433664522815865 0.1337397152705632 0.13808763583638617
5 0.8809141826107519 0.36965086603061253 0.11079061300931387 0.1162300230144535
4 0.3073297752403058 0.3750553540051688 0.17039265028320144 0.17461461407842846
5 0.08103246014903899 0.37019046528665156 0.11528542949604097 0.15909084907147147
5 0.9438720459378179 0.46403134697731463 0.08461540499514442 0.15652580790527318
5 0.7069253114691076 0.45366556137660974 0.09016141274447821 0.09212260949967366
5 0.21045857420947645 0.4929226806797859 0.10601917394682167 0.15130164013118688
5 0.09547841240617932 0.5084420597438739 0.12656443005422513 0.17300520749212056
5 0.041627041346090785 0.6343215927960929 0.08325408269218157 0.13398928961155146
4 0.7070283014217927 0.6921854897208752 0.2017285092100387 0.23058820943720415
4 0.9167466963696221 0.7923569745577445 0.11569751668028025 0.15372070659056739
4 0.6668269128870432 0.11862281473436297 0.14800253748169714 0.1515935895448225
4 0.452422912328859 0.11813392255160976 0.17101459786102097 0.1752540869821397
4 0.22977333854707743 0.11229817894766793 0.1654170696606449 0.1694988308487382
4 0.05299526441492135 0.13086986902632264 0.1059905288298427 0.1367397380526453
5 0.12405751752359442 0.17298191643240515 0.0755704475065371 0.08639064442598762
5 0.2955814736880239 0.22854434347048377 0.13106496537446824 0.1816882485873303