4 0.8095918286980428 0.18915294593275578 0.1276153149023063 0.23131058779499553
4 0.6916635107476933 0.19499914500758989 0.19819312105223666 0.2061808509893458
27 0.0829064692304633 0.1762213182338099 0.1658129384609266 0.34342821339069673
4 0.3548724656025193 0.3024249017143585 0.2294225636231104 0.25766690672458326
4 0.5699607538069948 0.31850782538222433 0.14372197745800583 0.17029341100408515
4 0.8906224738040578 0.35696080262810415 0.18361620207608262 0.19220381571122497
4 0.7267413661068554 0.38445183870683775 0.1888640210485653 0.17866515586359727
4 0.1287422573814011 0.40843421093800186 0.24199422721929886 0.30577276945635057
4 0.0728471045818547 0.6110655116026414 0.1456942091637094 0.233646333019869
27 0.3011601711918223 0.6808519222064202 0.305905513881397 0.27548889468669036
4 0.06315395687461761 0.8040082159132815 0.12630791374923522 0.18013181644194767
4 0.4134548019390261 0.8490955989274406 0.16899033335576819 0.17402004966387352
27 0.2403846153846154 0.8509615384615384 0.30288461538461536 0.2932692307692308
27 0.5649038461538461 0.8605769230769231 0.18269230769230768 0.27403846153846156
4 0.22562504100769315 0.14411667101501777 0.21886356926013853 0.22768437532565797