27 0.7203822165857379 0.6800970331179694 0.13616921712525218 0.1348592772061938
4 0.09941968158843549 0.7282383523661804 0.12022090589772014 0.11956114969011832
5 0.2742842689752089 0.7276331460553418 0.08369392765567792 0.0821093035688508
5 0.3651378458272973 0.7486851420947785 0.09148313659596237 0.09154375093041321
5 0.7758874472129916 0.7295514501780306 0.0815901016696483 0.10533679142653139
5 0.2967984174120432 0.7873911339347414 0.09008865669279068 0.08846893919066573
4 0.5989898282221633 0.7805674216721983 0.16558497069597108 0.16411360106654188
27 0.18056655199193358 0.8073326763351241 0.12465870485844938 0.12341193308692712
27 0.5080449295368692 0.8169977211827498 0.1471172792188436 0.14687258084020216
27 0.7704958560780283 0.8136860655626459 0.13915880451202567 0.12545390473312887
5 0.13717555877842855 0.8864958827762772 0.09652189709515314 0.09542953635094192
5 0.2880787073572399 0.8860888343373134 0.08068911996337022 0.0819342934502513
5 0.21534714089785945 0.8999044617990912 0.08441042328988857 0.08394719020795531
4 0.7208641792884094 0.8968050614717676 0.12247070659056739 0.11729731163115203
5 0.4977381827526454 0.9217750410173771 0.07969497401822997 0.09444947968678363
4 0.5914111600221459 0.917516648393989 0.10891102121134712 0.09255880961829141
5 0.18326603237072756 0.9520653281684175 0.07131287429366519 0.06642022665663341
27 0.6699512741431691 0.0843157941669824 0.15418999252491725 0.15446914156265987
27 0.5120533561916116 0.1378174701328813 0.1535120082559562 0.15323221646201682
27 0.4148982145412722 0.15904279392807202 0.1361307057600027 0.13425831566773228
5 0.21806048023681693 0.18487653058384998 0.09144462523071269 0.09094278939195168
27 0.7690965500894449 0.18152082260765726 0.15400458525002192 0.17960452010688466
5 0.28321153609052385 0.21461015008106266 0.07485684109946919 0.07500869831369474
4 0.3544796706704142 0.22363106108082348 0.11822546445608687 0.11645133592665079
5 0.49837190836811696 0.23919903287905903 0.08484926861317003 0.10013814972269695
4 0.7611004852202055 0.2502404501345923 0.09276208240338508 0.09281567805477622
5 0.42200413206689874 0.2723854376664857 0.08892524498111734 0.08899989668168733
27 0.6344364257602854 0.26480241357731854 0.15230109322202393 0.21842200594084507
4 0.15704189603032548 0.29619978964172167 0.12240083341142095 0.14423557479076135
5 0.22431914772694922 0.31144032816841755 0.07367728787943352 0.11265926309445198
4 0.8532491493880786 0.3071401263394015 0.133765370971406 0.13471926911131402
5 0.4877875112729638 0.32962327983804934 0.1029551374975157 0.10239013351121838
4 0.569410817162165 0.3452256928723897 0.12928906064542728 0.13026752417604362
5 0.4293715583950923 0.3629615469908008 0.08045805177187172 0.07832852421948193
5 0.18240772790129658 0.4048866034377679 0.05704384283158719 0.06798402424120102
27 0.3499067313655325 0.4071052675654149 0.15163210091007223 0.1519252873139339
5 0.7126564324048034 0.38956981446933925 0.09148313659596251 0.09154375093041321
27 0.7485600792514967 0.38987353919998885 0.12386334408808307 0.21377210313370013
27 0.10754996559899933 0.4331953118700623 0.13782428462816304 0.2074006132414402
5 0.4986066613709277 0.422393223173891 0.09396400548030802 0.09288568210221616
5 0.18766325748927953 0.4536754212595348 0.047852083233949703 0.07403456878475886
5 0.6575847399551341 0.44546460389386955 0.06720553611182112 0.10509770439571425
5 0.19091619608427607 0.5337142390813019 0.08238362003435865 0.10837660114255886
5 0.6685113533946658 0.5178718589694588 0.07346951074765028 0.10007407281047957
5 0.3279820089729378 0.5436926197795613 0.0843172590510268 0.11986487442076801
27 0.556116325396824 0.5339976199967527 0.1828507390961755 0.18128461724544181
4 0.41945176766902204 0.5551292312036133 0.11983487104239479 0.1602515241869033
5 0.4889373250134877 0.03525312673498125 0.0786551671564871 0.0705062534699625
4 0.7792584634409503 0.546147247740879 0.1191882485873301 0.13147537438818924
5 0.21509440398103033 0.586190684451723 0.054193080600278436 0.07021286027644755
5 0.6970351172161157 0.5772798266116589 0.08772332190419427 0.08892989263424739
5 0.1465543479853464 0.6093416803391257 0.10035873451742078 0.09924531772403096
5 0.07796770987023152 0.6145338341201221 0.06487871268847457 0.10615961937775745
4 0.8262893513076054 0.6344132234996779 0.1310919452608119 0.13037253024720358
4 0.216375192194109 0.6783187370901606 0.13263147866797337 0.20111098166706534
27 0.5430672009256875 0.6628834054172814 0.13032171795581712 0.11835329947797281
5 0.6474804631569963 0.6591968994438576 0.10491206757389931 0.10489898573622444