22 0.5482184636194393 0.22509948109971686 0.14592303181461447 0.14711096925034875
22 0.282607449260628 0.22321057747391435 0.1416533656600341 0.1416533656600341
22 0.6738618031141242 0.281842449321814 0.18388150822601299 0.15596497848625762
22 0.4036249097830751 0.2955226031312562 0.1413950523306982 0.1710934882240551
22 0.5257463938941237 0.35943515289132544 0.12180065642902022 0.13961971796503414
22 0.29507506261321453 0.36516337132153665 0.07923028668657245 0.14753668924129323
22 0.7462577426185989 0.4100714483057996 0.12379234720045346 0.15586665796527902
22 0.4279858831341932 0.42679794569845886 0.09306596667971963 0.0972237477047896
22 0.6471834236522349 0.46780487085635963 0.12300999335919453 0.19191036463178243
22 0.3590015980144725 0.48848677850950833 0.14249208309870526 0.16209305078832076
22 0.14989495391223473 0.4884571230965026 0.16355370822723672 0.16474164566297106
22 0.5107515898129338 0.5166912769916052 0.1580751261751389 0.158669094893006
22 0.7476859621504849 0.739370400100345 0.16413369130391522 0.16294575386818075
22 0.3825899928389501 0.14025075594915848 0.11024952360695732 0.12806858514297131