15 0.6833462997699965 0.2968184632081243 0.4834415152057258 0.4860965563877968
15 0.14799242632819354 0.4183285673933061 0.2959848526563871 0.5143044036749262
15 0.16202161771303517 0.4218167833088045 0.2074567378822745 0.7073017824739731
15 0.4780665057216673 0.43800595979314316 0.2684404955348285 0.6319964635519697
15 0.8365817989891229 0.5756651770207181 0.2662642528324399 0.42065548364026684
15 0.26512917833716504 0.6240007968201982 0.4814460737640924 0.4829656787220333
15 0.7738059910838497 0.6590263392482283 0.3810326863730595 0.4191085773260565
15 0.16318573055626523 0.07663743030986499 0.19285930811823876 0.15327486061972997
15 0.5883570066019231 0.7521621827476591 0.20721597660221022 0.41413335168686305
15 0.4156347565664289 0.7774020073966039 0.18929551499276018 0.3865564142334526
15 0.11072219665218416 0.8092644839978532 0.22144439330436833 0.3141633396966013
15 0.5126695380356073 0.12630974051492744 0.2596259989067786 0.2526194810298549
15 0.33281277226907413 0.1466357353174952 0.28648386086265226 0.28805721860017586
15 0.885930298250844 0.2325776336381977 0.22333171119061965 0.4651552672763954