10 0.2622959666534721 0.16315670508156024 0.3268726539475697 0.3061227914218814
10 0.5743203904611109 0.20726923142185735 0.24138325753931647 0.34463741430516015
10 0.44331077507649563 0.1973419163851115 0.1438701081361112 0.15007900223774912
10 0.8626140785018162 0.23633907822118483 0.09900680083848812 0.10408644861394109
10 0.6933657202777241 0.2656557060497823 0.20108834704463158 0.21140539563204186
10 0.09076753499858431 0.31729118034067605 0.18153506999716862 0.19898528726912396
10 0.8949790615511749 0.3977252129172546 0.19618374693050236 0.25842597574679943
10 0.4106590067524036 0.4103913926053041 0.21524616327091362 0.22687584982963788
10 0.2277428984989847 0.406163181940089 0.3043858038627673 0.319416380473345
10 0.8706858095643158 0.5620423006920459 0.2362523445164532 0.25306356974715444
10 0.5916438302271897 0.5493260641706447 0.3704651054319716 0.4006110770915925
10 0.33289466784706156 0.5441677398744521 0.1451139938182426 0.15197296313787453
10 0.4144666311084401 0.09160854836646637 0.19991289162927364 0.13512881838979687
10 0.16052214621885666 0.6399723734480749 0.3210442924377133 0.36167551612691895
10 0.25759012523584346 0.6757223935592358 0.24845341324158673 0.2617868325945621
10 0.7363302400925748 0.12683430036930515 0.11868517119147981 0.12477443840056293
10 0.9151519387152238 0.8242809661896205 0.13355635170630364 0.17089393105969736
10 0.7632211538461539 0.8329326923076923 0.37259615384615385 0.3293269230769231
10 0.15209763035085405 0.811009755510115 0.14329661919826397 0.12543957916082604
10 0.649665809126869 0.8499172604697242 0.16841362834564672 0.25092256735160734
10 0.2777400520249993 0.8446112269463592 0.1454491921903847 0.1406002320494757
10 0.46153846153846156 0.8377403846153846 0.3605769230769231 0.31971153846153844
10 0.15721103855197577 0.9017004439877904 0.12298981470619669 0.1292999361663864
10 0.6730769230769231 0.9158653846153846 0.2548076923076923 0.16346153846153846
10 0.21754807692307693 0.9567307692307693 0.12740384615384615 0.08173076923076923