6 0.8125 0.06445611008448464 0.1045673076923077 0.11005669828111606
6 0.6310096153846154 0.1170940289402148 0.22596153846153846 0.11352133784177512
6 0.6069711538461539 0.01345711767982444 0.07451923076923077 0.02691423535964888
6 0.71875 0.012147645554841682 0.12560096153846154 0.024295291109683363
6 0.8341346153846154 0.020946690141837792 0.13521634615384615 0.041893380283675584
6 0.9483173076923077 0.027905024719021884 0.0985576923076923 0.05581004943804377
13 0.49158653846153844 0.5074260369047798 0.6454326923076923 0.6824239042444483
6 0.4987980769230769 0.05462524564753208 0.14723557692307693 0.10925049129506416
6 0.6646634615384616 0.06980749420032929 0.18028846153846154 0.13961498840065859
6 0.8870192307692307 0.8269427822201348 0.22115384615384615 0.23643843703663073
6 0.7043269230769231 0.8435930128156126 0.20552884615384615 0.21930242288145096