22 0.10449480120190732 0.06904627310263058 0.08389424605405069 0.11497687718476739
22 0.7353365282716585 0.06283965160345481 0.1150603018966186 0.11311850180992804
22 0.9053265123694476 0.7673736413650278 0.07657205856220628 0.14608001966734244
22 0.44427644856973647 0.7958415378403972 0.08615882353531171 0.12822950049894097
22 0.17959781153435223 0.1542210576935751 0.11195056400752076 0.11006124500425432
22 0.9509805944466714 0.1479636638427149 0.06727146453719203 0.15492660558149424
22 0.49248316837101785 0.3097191439844673 0.12687730587519028 0.12473607767148824
22 0.8419337119987786 0.34686231831254477 0.10326428395740478 0.10210188748682937
22 0.04470102378836459 0.3717150087416044 0.08940204757672918 0.1021123773095026
22 0.41361410862116077 0.4011850924105223 0.1368494531596611 0.13512026098810567
22 0.6086461565065855 0.4230057948344412 0.07608174605405055 0.1148405094900157
22 0.6746527143740805 0.4590905500796574 0.07859052240468692 0.11788727647301628
22 0.559615313286225 0.5199568675114511 0.08013013688074366 0.1791748635734198
22 0.9080890614364853 0.5162766165148368 0.11817003978571651 0.1161757586156018
22 0.6477868563558018 0.5748737787258545 0.1070265038360067 0.17544017482448354
22 0.42197793900328534 0.6088450493287112 0.11057503378221771 0.13946640109817673
22 0.8225388330425562 0.627078232398393 0.08498552010066782 0.1462268771847673
22 0.5816925247920642 0.64449531531383 0.0741109731238019 0.1100013477143039
22 0.5325473049013869 0.05676982705161439 0.0989106509126681 0.09782172795888619
22 0.6405944655883158 0.05848742820120624 0.10380228737779242 0.10030949269411799