5 0.8533653846153846 0.31859228541935286 0.042067307692307696 0.0734737394220808
5 0.8786057692307693 0.37505633676490907 0.040865384615384616 0.06981198972430705
27 0.6754807692307693 0.38843217630268606 0.19891826923076922 0.2081830365200149
5 0.8173076923076923 0.44431671756306385 0.05108173076923077 0.05285993907846071
5 0.8233173076923077 0.5058946968211633 0.045072115384615384 0.08383003674343815
5 0.2091346153846154 0.6167117551049378 0.03485576923076923 0.06171958738928451
5 0.6478365384615384 0.6371446255615824 0.049879807692307696 0.05340492014991774
5 0.18028846153846154 0.6694547623583682 0.056490384615384616 0.059722428103057994
5 0.2403846153846154 0.679465324170132 0.038461538461538464 0.05948368263645202
5 0.25240384615384615 0.7377174365324847 0.03245192307692308 0.06401147260912164
5 0.28725961538461536 0.7441485623833077 0.05348557692307692 0.057178630781700365
5 0.32091346153846156 0.8490814000748184 0.06310096153846154 0.06543897451773645
5 0.375 0.8816485980130981 0.04266826923076923 0.07109788350173683
5 0.5709134615384616 0.9244272602886786 0.0546875 0.057234611248705006
5 0.375 0.9663461538461539 0.0625 0.0625
27 0.6346153846153846 0.16056730196299437 0.19891826923076922 0.20758207498155337
27 0.7752403846153846 0.20437663198713693 0.13221153846153846 0.3192588129089572