4 0.1494784103361873 0.49655561314686625 0.17548654064567215 0.18554540839876446
4 0.04878960726415223 0.5198310210650925 0.08323962693402955 0.23016968863904588
4 0.11271622314770847 0.5968258234893408 0.07053855769104028 0.19019642579163795
4 0.08199952734236046 0.7676451902313135 0.14025009615257875 0.19547885030660367
4 0.14691826984937564 0.8325296856015902 0.19690831793073468 0.20937482030480525
4 0.062351894973477144 0.9520679473336963 0.08683658310380715 0.09240391621659573
4 0.1304939373119466 0.09842791445581266 0.16753767295092045 0.17714091254794945
4 0.06392053259137885 0.14559549409360445 0.12523958915980218 0.16073208873586803
4 0.04227375062240865 0.2844362505576509 0.07640739885040815 0.1138198065770058
4 0.15654036151148662 0.28059169581496846 0.06386808347801282 0.1518804674448571
4 0.08762604957311196 0.3315471972530111 0.10837511332268208 0.22607267523398702