22 0.8557491427611104 0.33781439190665663 0.15272161773944504 0.15588107678190255
22 0.3224799928940715 0.319953748689502 0.10884680106368914 0.11192958694394053
22 0.9410728193958573 0.3835800598428331 0.07508803774071392 0.10636370438485457
22 0.17466556499545138 0.35334055449926416 0.10800565716532286 0.14487746548816538
22 0.4455878707590803 0.38591838825016106 0.13734785538080901 0.14298679541967332
22 0.6576858905328979 0.41746986983034984 0.14475174198575103 0.15001739662738947
22 0.9141372851569487 0.48880111250298985 0.1206479600359335 0.1876098116311519
22 0.35654989463377024 0.45992500372165296 0.1446643110114767 0.14701258893508176
22 0.1355009656490533 0.45065002822348355 0.09463998939226649 0.09790338655222801
22 0.6087531551854848 0.5502069994353026 0.10562392157439504 0.18673476103815345
22 0.299216559574687 0.5513767244265819 0.14966435146257268 0.15390318204791817
22 0.39876272753037934 0.673563586683311 0.1343890753596702 0.16501236020043045
22 0.5181727808222811 0.6949170643029364 0.11859383777918489 0.19948903430550294
22 0.1127970905650249 0.7013037731913326 0.13470382686705795 0.17582966789273835
22 0.6477577769649234 0.7360613435328501 0.15773914438539577 0.16337263143320074
22 0.04841783025682507 0.715552400783425 0.05860440764749253 0.13780056877389932
22 0.7249477711788869 0.790952367752332 0.09045536918595386 0.1396556760310562
22 0.43523647542392424 0.8136748498103418 0.11193903973027129 0.11510940475484797
22 0.9260407594850567 0.8566595780888913 0.14098859700128777 0.14439873063891623
22 0.22061683050033978 0.8191729714724486 0.110326696712958 0.18340900799714369
22 0.14788075958737515 0.09260510512484132 0.1272539125909469 0.14659849178566503
22 0.9663461538461539 0.9230769230769231 0.0625 0.1201923076923077
22 0.6826923076923077 0.8954326923076923 0.11538461538461539 0.20432692307692307
22 0.38044687607752614 0.9100742709178427 0.10278935146257268 0.1511730241977627
22 0.15384615384615385 0.9206730769230769 0.15384615384615385 0.15384615384615385
22 0.4483173076923077 0.9447115384615384 0.11778846153846154 0.10576923076923077
22 0.8653846153846154 0.953125 0.1201923076923077 0.0889423076923077
22 0.06370192307692307 0.9290865384615384 0.07932692307692307 0.13701923076923078
22 0.7752403846153846 0.9699519230769231 0.09375 0.055288461538461536
22 0.44198932770964 0.13853224654632684 0.13296626266302936 0.13673216586901826
22 0.7196685308685805 0.1559051045818631 0.13418567193480732 0.13740313145491972
22 0.9254807692307693 0.1875 0.14423076923076922 0.15384615384615385
22 0.06044226465258689 0.13910749792198224 0.07988106167628241 0.2092331335329375
22 0.3201625664371007 0.1578341413997664 0.1515721532470865 0.15761395734984737
22 0.5293192923846346 0.212012149299174 0.10462720846766707 0.1524799533458457
22 0.12174959031179075 0.22547038855422885 0.13112840565793502 0.1354252367209354
22 0.4007706061064933 0.2477209429448973 0.16387116313399538 0.1679293824396308