4 0.4095084933726383 0.14665719584663642 0.17249295437101336 0.20767127176631428
4 0.7472590996073071 0.19430917401550707 0.12911390599386044 0.27410529176315646
4 0.18647005444851686 0.2042717837608133 0.21129921328586165 0.3634986211174915
4 0.413260686080637 0.23564845162629589 0.21750207963629814 0.20673157058591865
4 0.5543317277255931 0.2508966534504458 0.19720897479318494 0.2895209149235093
4 0.7067342196367858 0.3022794660052694 0.21313787356874087 0.20370228884993505
4 0.8658443290548724 0.36331961867892204 0.24007132519158822 0.2705453750053601
4 0.25718266360607694 0.43792734897350066 0.12011225994104255 0.21697898268977328
4 0.6376355895360013 0.4966483678553454 0.23603056613695947 0.3768596266417931
4 0.4751870037933942 0.4993101382586158 0.15122011707164246 0.1456673445461648
4 0.33734890147286595 0.5141379836931724 0.20210604147023103 0.3141813157521547
4 0.06742179052344377 0.5665672797686575 0.13484358104688754 0.22448071338346887
4 0.7923415014105893 0.6646666669590592 0.3439933992616636 0.32762313666896614
4 0.19784584159790664 0.7213224695227732 0.27508712512550476 0.2623381946921669
4 0.5855459520580986 0.09117374331391717 0.21352348049918746 0.17666950849502694
4 0.5836206024094521 0.8161431362157544 0.3104731995609419 0.29558687165695857
4 0.36778846153846156 0.8233173076923077 0.25961538461538464 0.3485576923076923
4 0.07169834742465549 0.8935672751147159 0.14339669484931097 0.19578839638327794