22 0.5128707232956345 0.3088189109750624 0.1010318649781872 0.12357697750960278
22 0.2075612840054508 0.2875042014064686 0.08657032884361958 0.1157890551314379
22 0.43351582988308185 0.3071512032797706 0.07253493964982848 0.0780021118908247
22 0.3623786056595835 0.3398241265871263 0.1352831763785412 0.12577221142697542
22 0.9055413449599045 0.8158574142533409 0.11122024079640379 0.11960323823259791
22 0.43305970921880205 0.7989339659838238 0.11363457582611093 0.12160234709049707
22 0.6722144311908648 0.8232659704217257 0.11122024079640379 0.11960323823259791
22 0.7766418872050246 0.8558401865095754 0.11302662170374206 0.12035136795294549
22 0.09746444515268991 0.8160318379991811 0.1081944553523738 0.1157521886986851
22 0.2452730132785988 0.8329073212215257 0.11363457582611093 0.12160234709049707
22 0.49286217454084524 0.8543203412774597 0.12331638998861595 0.133805513291325
22 0.6297905017192799 0.881130123100796 0.10275783117059042 0.11050299184533521
22 0.9386148066494366 0.9183641690331618 0.1088723353138165 0.129022398605468
22 0.4235096619240324 0.16684511726537765 0.10876744655520582 0.1109935524516217
22 0.32117837837179325 0.18735174080465805 0.09247855176157767 0.09885173112233997
22 0.67209096874598 0.22441394175026136 0.12445537981037227 0.12308631772027472
22 0.5061836286271509 0.21808600747828763 0.08582951562701005 0.09170153753234772