22 0.2975436188822711 0.15952613334179208 0.10382830169741279 0.13276285923816658
22 0.12038447802378861 0.26078594839326247 0.12295113105536133 0.1615501235863601
22 0.50297973339374 0.2965047560758507 0.14430252122780018 0.1459536650626741
22 0.1862865340932711 0.3393563407233623 0.14917315247153162 0.1496993238522824
22 0.3918634228299875 0.3994468589240538 0.15102848620028225 0.15275659012915482
22 0.5810329813967091 0.4359885290422202 0.14667793955971534 0.10998340372925625
22 0.9304779021011282 0.44384040979052775 0.11988642607310304 0.12361960188386362
22 0.20799625499828053 0.47207035446762874 0.17973523070559574 0.18002074897964157
22 0.7055714291990879 0.4587937082047133 0.11922252559860223 0.11999634645823949
22 0.4488065465820016 0.509512057982122 0.14860366040108972 0.15148472227281218
22 0.5985014604183795 0.5363905092684026 0.16938555850308662 0.1376736621696559
22 0.9370661344944516 0.5481629107548671 0.10616176073863534 0.09438875175090243
22 0.9134804120926195 0.6605712599234888 0.1044157317671127 0.1664167053920128
22 0.7719323076973773 0.7175476449041456 0.1320839838277785 0.13418567193480732
22 0.8412513161895112 0.806830427757424 0.16327849306832357 0.16632746787240593
22 0.9338054764047657 0.8726121967446784 0.09917491508372987 0.17587471425370346