9 0.5667860769656717 0.6731650472506261 0.1107058350725504 0.10637802719360077
9 0.6702284843115558 0.6755697354697864 0.1028781147670162 0.09667872873108344
6 0.9362980769230769 0.7235576923076923 0.12259615384615384 0.18269230769230768
9 0.48154086033733895 0.7298224174949622 0.15580124151688132 0.09789505848185233
9 0.6432451751000957 0.760528661619227 0.2007345317460319 0.10562406566737628
9 0.6312706840446397 0.8360540164887377 0.1433189531618256 0.13738369950545384
9 0.47349128386858685 0.24811699083139574 0.5846896959352027 0.38092334007611534
9 0.2775598384161068 0.3767490472139145 0.326732142431213 0.310063715939124
9 0.6498764995456752 0.4891737590583877 0.12086037880143152 0.11490337386157279
9 0.2560308439674034 0.49059608413307554 0.2987512225345718 0.19203749850045276
9 0.5704564122298903 0.5242804277652413 0.14235709023341017 0.07551962514688718
7 0.8245192307692307 0.5360576923076923 0.34615384615384615 0.2403846153846154
9 0.6011349700996693 0.5906938811021643 0.1298129994533893 0.12341473488835593
6 0.8449519230769231 0.5961538461538461 0.30528846153846156 0.30288461538461536
9 0.4394145138285503 0.5972192810801373 0.11025176944373473 0.08055066668094349
9 0.5342428320555429 0.6151370841697871 0.1438814033350374 0.1367897307875866
9 0.4394288129312564 0.6536677087719556 0.1023156645938044 0.0972726974489504