14 0.9054169396166857 0.32928350923897504 0.15492479208173593 0.1980243156568727
14 0.613349631924378 0.31227252571108316 0.3356668486106899 0.2653712547606618
14 0.08916350628882322 0.3772045667067411 0.17832701257764644 0.235178364182713
14 0.3495160211931767 0.5263570846487314 0.3078508720377382 0.2763113499297969
14 0.8695318857600876 0.606157695486367 0.18280181597710957 0.2684299674575873
14 0.08050506199634269 0.6283364857362242 0.16101012399268538 0.3720575868570639
14 0.4760866085976257 0.7511037241876715 0.34243658497744617 0.3483039470683541
14 0.7634199568477462 0.8113139344373541 0.17440094079868976 0.17284208081848307
14 0.265625 0.8245192307692307 0.3004807692307692 0.34615384615384615
14 0.6923076923076923 0.8894230769230769 0.2980769230769231 0.21634615384615385
14 0.5850915557075195 0.12585814923401661 0.32075340944740927 0.19990737622729662
14 0.8677884615384616 0.9122596153846154 0.1346153846153846 0.17067307692307693
14 0.0829326923076923 0.8978365384615384 0.1658653846153846 0.19951923076923078
14 0.5144230769230769 0.9423076923076923 0.16826923076923078 0.11057692307692307
14 0.8345276589678934 0.22129785749255804 0.3237822988463447 0.33226484991893734
14 0.25331202796524593 0.19589936411755565 0.33015988427719595 0.3224685280497305
14 0.05528865990454444 0.1922021254489173 0.11057731980908889 0.1488273278209115