18 0.695479301916415 0.29172888123066576 0.15552133301986915 0.15697235320799496
18 0.3610246251255047 0.2851067892448011 0.20684480264713792 0.21085701172207205
18 0.7585938706807946 0.37637601318406966 0.21230539479152538 0.12082621593062957
18 0.5262975446187037 0.39965037817327087 0.19476513716339766 0.19743837624915941
18 0.29780106895501585 0.4040301605275852 0.19293075748834776 0.19671134473724194
18 0.7891254253199479 0.47910253127398994 0.22362151262883584 0.15395051219931724
18 0.38362619594227265 0.4878703326575836 0.17136424303270503 0.17364793632012704
18 0.6226777972016617 0.5249442614614479 0.13341684714509527 0.1350688445433176
18 0.7837252678900698 0.5817114960486395 0.1701938150154472 0.17416485120961794
18 0.4891230229956128 0.5814687127095727 0.15994852920675676 0.16147324724862258
18 0.26107258897688107 0.5715094647897806 0.22318058179352154 0.14553705066085557
18 0.6693382727954595 0.6383787706033702 0.23460990284538769 0.2379464226148091
18 0.8598720201426115 0.6636773719099504 0.2526881318926465 0.16017436254384138
18 0.09588987405484861 0.6186371647031323 0.12522640642911187 0.1273110028634705
18 0.5509726785637385 0.664829874937083 0.23083560649519524 0.14307854618685661
18 0.31298679852332734 0.6709411302534789 0.24511992615550568 0.19856448935207693
18 0.5845379805500438 0.7797437170941752 0.2913650249621999 0.18982307789269834