28 0.40010119183787174 0.33038282969586963 0.0717159264299741 0.07194185195395288
24 0.8581730769230769 0.4567307692307692 0.27884615384615385 0.35096153846153844
24 0.3731884101631205 0.5021221637059123 0.3131363750510604 0.4769199157908827
28 0.1830844800644999 0.5320629058941597 0.05787587967006587 0.08625241890819087
28 0.23522255379589613 0.5335508716013536 0.05607299505468125 0.08609468694269942
28 0.507185611568889 0.5460539237289895 0.05912334088935941 0.08695853509031327
28 0.19510513024200726 0.610864055752778 0.06728150494889135 0.06856900300883186
28 0.2642522796198082 0.6132837026025645 0.07813538509592305 0.07787627901841149
24 0.20479365976683983 0.6269548963240743 0.3465625304930545 0.47685943812108206
24 0.6842519597991139 0.5995264250700867 0.5030678279719841 0.509655156384116
28 0.23644524706466527 0.6774209549044875 0.05944210788595205 0.09116526585954404
28 0.3161364752805515 0.675288440730556 0.062392411748242955 0.09858711360840453
28 0.282028667111278 0.7520758516636756 0.06529646776402515 0.06600742488949425
28 0.34478396459020755 0.7659437340677356 0.051228730292265004 0.07731318415142442
28 0.874267652429547 0.7280891523953719 0.07046846521068062 0.07123573577183032
28 0.31752338974350935 0.837292524831197 0.05359600399138715 0.0691626092221152