3 0.5276442307692307 0.8545673076923077 0.3918269230769231 0.2860576923076923
3 0.15144230769230768 0.8677884615384616 0.30288461538461536 0.25961538461538464
3 0.7693096343669249 0.11962006769492463 0.3165490004969195 0.19573607580067073
3 0.11688724953147625 0.18920941756032603 0.2337744990629525 0.3315228490812941
3 0.4029255658914724 0.21644541615882776 0.30694699378141316 0.29853483735338876
3 0.7717637474515141 0.3256945508720793 0.4264013571854507 0.21636147200139574
3 0.43482034594088065 0.0946887038869948 0.24093623119516175 0.1667124852673264
3 0.16923143403398885 0.44014807049792115 0.3384628680679777 0.2745059241872536
3 0.5422610057926558 0.46705212200550505 0.31537567562540897 0.3084230404804276
3 0.8499855965016881 0.552484093240907 0.2437699307152801 0.2483593103406635
3 0.26141594576482774 0.6764843205305435 0.34560201027202836 0.2561126817613999
3 0.061966368103472 0.6758890523508979 0.123932736206944 0.19312425854794968
3 0.5902037097282544 0.6963981316372009 0.33133297880995044 0.25801286297065357
3 0.8280322759036809 0.8010723097704037 0.2562512978675079 0.25599056958936256