21 0.5575666424579718 0.8825407423315842 0.18684928811961973 0.21047743929777651
21 0.7742097114269753 0.1151111051732338 0.2476567052533685 0.2302222103464676
21 0.16252897739438651 0.13141078658887861 0.2509067932488195 0.2387208250601365
21 0.3769860265826501 0.24166009633162247 0.26839513008837723 0.48332019266324494
21 0.9278846153846154 0.23557692307692307 0.13942307692307693 0.47115384615384615
21 0.5241855305373061 0.024185577278629546 0.07721721492076607 0.04837115455725909
21 0.5810915526969749 0.41801676584100217 0.4126630633010234 0.3915123875790009
21 0.19706424571088552 0.6135218299938715 0.3242726610865486 0.38834095539687247
21 0.7886555806771413 0.6288372821130147 0.41471122821955136 0.3945696538558733
21 0.34973245900370264 0.7717246481721554 0.2534080572426328 0.44563288715285027
21 0.9074519230769231 0.7728365384615384 0.18028846153846154 0.3004807692307692