28 0.6248561048931088 0.25678082867596086 0.056589302299919916 0.0597555689295691
13 0.524030422026068 0.4507782506044695 0.20788076192361132 0.21853080675294861
13 0.3344882419059291 0.5254073579804459 0.17095584244161335 0.1787497918992164
28 0.4676779028832795 0.5443519206315632 0.06666577310307162 0.054460350061203484
28 0.40118048267056583 0.5565562780151052 0.056589302299919916 0.0597555689295691
28 0.5175152455008543 0.5755261106575578 0.05777723784177351 0.059238654040078186
28 0.324676026860523 0.5849151852838058 0.07569418371506419 0.05569166146694416
28 0.45923546133562987 0.5967322561223554 0.059035111058974396 0.06172654684289483
13 0.6670003032224888 0.6184838648558014 0.18328279898237199 0.19281141223507572
28 0.3914801679057153 0.6112564130107729 0.05844813705558234 0.06228548505687105
28 0.25795480608669824 0.6067349272827325 0.06029298427617528 0.06421443964571161
28 0.3172676579689631 0.6445911058851068 0.06275278057029923 0.06678637909749888
13 0.4680945141182153 0.6816232913477057 0.2029192067301551 0.21158404323398947
28 0.24680079261367466 0.672168323321737 0.0633677296438302 0.06742936396044559
28 0.3300661709458861 0.8188446820476177 0.0839397948326923 0.049068449548199805
28 0.41945306494326845 0.9611335817106591 0.056603289834989405 0.06035653046803064