27 0.22021136367744057 0.1659780673130524 0.13719094862290537 0.10894925373679815
27 0.43717183149849287 0.18407064807721457 0.09819904034390046 0.12794926769862322
27 0.3378586417739118 0.20513187158142332 0.13249582011492428 0.1293504794169071
5 0.6911400822318643 0.20959153740404451 0.1918250388771576 0.17656112344446223
27 0.1321619073052015 0.2087438320409505 0.10950474577495857 0.10758650123000485
27 0.26877285495430353 0.2900838179280548 0.14986838021515586 0.14507337559161068
27 0.4320665051009778 0.2958425016471533 0.10886181215778105 0.1063810818611281
27 0.0976800572440662 0.3011101017824351 0.11381640674097948 0.11061578296598845
27 0.0237765956328127 0.3006555838284542 0.0475531912656254 0.05500216627583289
5 0.8375190356053731 0.32104253346939243 0.1766960702188292 0.17346890845331206
5 0.5781402162564425 0.3471833586985325 0.1542849713779669 0.15110746501990205
27 0.34579131370184424 0.3566510976967123 0.09073566941006589 0.1206957737336403
27 0.16537693592723457 0.35920797934137183 0.1420539654457507 0.0933557203643814
27 0.02988013765881307 0.3836651945591279 0.050965362905408956 0.06578800734055736
27 0.07831954223833835 0.40799035203779266 0.07847795860497575 0.0965908826480586
5 0.7036820237409406 0.4356719497920088 0.17536823090575793 0.1698561466386355
27 0.14329206534377445 0.4408268672296227 0.11842187225801262 0.12205852624043359
27 0.3787850442632654 0.4446012598293189 0.13529840101657287 0.1407827338154911
27 0.014350519483276862 0.4496940453669157 0.024774887685397522 0.07284570895613303
5 0.8595809799053702 0.48105913213003176 0.18156672064459548 0.17529976340432624
27 0.057352650574369196 0.49202007866379716 0.09451504578921509 0.0912766286846546
27 0.28281052409131513 0.507757761361465 0.12318759248698896 0.12088457349914009
27 0.17666354461363998 0.5179597216699215 0.14239737567840008 0.12039549330319697
5 0.5973366215367168 0.5204071260375109 0.12847796369991565 0.13473465921938518
27 0.39573405403752615 0.5444797491403601 0.11943492098071354 0.1166568649781872
27 0.08358126833428624 0.6015698932614821 0.16668195085564205 0.16199469855128365
27 0.2265261703307003 0.6048058569003086 0.1150603018966186 0.11182469862681899
5 0.6922847150748296 0.6243459025333024 0.15484396083771246 0.14990903823493257
27 0.4384690854504801 0.6288800827134566 0.09513699336703468 0.09188108651506993
27 0.28751517549692274 0.6484387020327241 0.14924643263733633 0.14446891776119541
5 0.8460736296364252 0.661305638165049 0.1871222767662555 0.17953796080114023
27 0.38801502109258473 0.6622472329270994 0.11508128793597659 0.11242566016528052
27 0.2560630251303631 0.06881109784778293 0.11395567541356454 0.09739812541178833
27 0.13224197097442342 0.6884090359079618 0.1121031851165428 0.07876132513557312
27 0.0343477705803151 0.6878216588597403 0.0686955411606302 0.09536798181941328
27 0.18497013571120638 0.7620480024600098 0.12868019049057483 0.12331988628056961
27 0.36630417157755785 0.07906980018264818 0.09988936115957395 0.1075305605587457
5 0.5415635408489158 0.7749421075728147 0.11856305570000295 0.16051307211806487
27 0.30096906507072024 0.7795532061759505 0.12130076371417226 0.1184702384694328
27 0.4307347852996965 0.7815103283148725 0.10320132583933095 0.09913807677200627
27 0.049739058361943984 0.7936887858036746 0.09947811672388797 0.1598631624922515
5 0.7784530360330678 0.8075766391864796 0.18660525938522618 0.18193831066303273
5 0.9003623694139229 0.86238341379048 0.13956808990387762 0.14261009247455164
27 0.37735794263752026 0.8641493320984541 0.12936509618646852 0.12572722872636943
27 0.10600186459807502 0.8890183084115972 0.14252329191454827 0.1240012625339662
27 0.24177720021166668 0.8910103934700563 0.13601955995766668 0.1786398144466144
5 0.6684179204406429 0.8946946838341058 0.17518699015445688 0.1818718811159126
27 0.4285217027947779 0.9137358519442258 0.06508319761044189 0.12595408702578526
5 0.5330050663296535 0.9167480528980156 0.12376756798609251 0.12028710825263235
27 0.4510950730157878 0.09519127364007346 0.07512402184650267 0.10378144335787481
27 0.03592981035273927 0.9246354679331236 0.07185962070547854 0.11345626493647223
27 0.34350567375712565 0.9384867556860925 0.10889615063357597 0.09015861661462037
27 0.16309129598251595 0.9410436373307521 0.11819102582507443 0.1154479493173568
27 0.14563872316246207 0.09822284963528662 0.1119505640075208 0.10880240947474278
5 0.8551777921283956 0.12519200518609747 0.18796171834057637 0.2035764223396019