22 0.08711846251226489 0.18259981199929032 0.09644384664074784 0.10140937360587256
22 0.8199710300114555 0.15237473920753522 0.07167278849416082 0.13010027194548412
22 0.5520413952208838 0.21003544237408706 0.1005055899038776 0.14906748771381567
22 0.9711538461538461 0.18990384615384615 0.052884615384615384 0.08173076923076923
22 0.4195093473354591 0.2453852945956991 0.12256564490916944 0.12856236020081369
22 0.8363973290458708 0.2776658994370504 0.09971383924178887 0.09206721784471032
22 0.1663958053822507 0.34771723555317924 0.095375473402894 0.12230641302491532
22 0.3703602469565715 0.3563638049704476 0.10016409444063339 0.17361583450599796
22 0.5534722754360396 0.35453944045907865 0.139959191048759 0.1460633897256463
22 0.6978289609029569 0.34721605552095336 0.1231666064476307 0.12860789834318412
22 0.9277892845095513 0.37558463834328065 0.10262135034022726 0.10667244733726883
22 0.31092420870284265 0.4488401563923532 0.1160313785406034 0.1130829403155714
22 0.45660873348283126 0.44503146440025626 0.12013509388244928 0.16194297750043746
22 0.10412476252048353 0.4970482767294325 0.10448719307368608 0.10861194637976464
22 0.6534875528317617 0.4578302607567387 0.11233594631888622 0.14456959671506978
22 0.5521635328676211 0.48961020649816717 0.1099797910772719 0.11142563581494422
22 0.9771634615384616 0.4651442307692308 0.040865384615384616 0.07932692307692307
22 0.739316318570861 0.5344786894173167 0.06779611552114254 0.17356062097184285
22 0.5658424990914412 0.03482838708268508 0.09826771729549058 0.06965677416537017
22 0.6254426980200232 0.586491243521663 0.13338295260147712 0.1293820467634808
22 0.4059524678089766 0.6163793574753811 0.11918308850841729 0.11751736179665401
22 0.5115843446750274 0.6734506431415194 0.0990518343546584 0.1417648729675365
22 0.802594742271213 0.7936014104501351 0.0968349477856291 0.09544529636362743
22 0.3679183092122195 0.838590256295531 0.10386524549586659 0.10796544669893283
22 0.9507211538461539 0.8377403846153846 0.09375 0.11298076923076923
22 0.1582379549054962 0.07959731311459224 0.08638966996824998 0.1396066489008351
22 0.8636448162608041 0.8853835949364234 0.07257327341715034 0.10439554021874915