28 0.8867696109234077 0.27293177487560943 0.14909251613049163 0.47984990463271693
28 0.6883985091052215 0.3256821363468483 0.33419479684773873 0.3191365165861254
28 0.09490380658415097 0.3622242384839461 0.1413979894781716 0.45743946576109124
28 0.9579326923076923 0.3605769230769231 0.07932692307692307 0.4230769230769231
28 0.25858477977403327 0.4080536798833179 0.13853805219648319 0.4117838750328692
28 0.5821573849452706 0.41791184867187287 0.16396884536485737 0.3675510970012879
28 0.3445409208534644 0.4296440741420966 0.12258460980810576 0.37534148643836956
28 0.7944976016711063 0.4382339881649735 0.13477702745917158 0.3858900702944584
28 0.45136720428899896 0.47230952555013456 0.23532588382282343 0.22511497492717544
28 0.5044627379522986 0.05104594591910537 0.11548678646941742 0.10209189183821074
28 0.6105962738604925 0.0556582734436795 0.11542331695175424 0.111316546887359
28 0.9290978937277512 0.6089806229581345 0.11614580035858725 0.306195937125583
28 0.19534249634564396 0.6544221869989658 0.1418167984471515 0.45505310580209996
28 0.7515790028903756 0.6984660139683423 0.1551179337779849 0.34570664727841394
28 0.13406377020613647 0.7200475915099254 0.17522972997666952 0.2233663554416877
28 0.520791840745852 0.7208406851823249 0.3051023112103016 0.29130636858688663
28 0.41755481457407045 0.7732320740203392 0.2513517614165105 0.23877328364470102
28 0.9387019230769231 0.7740384615384616 0.11778846153846154 0.2548076923076923
28 0.3436551864227324 0.7994737961105153 0.26700436818358797 0.2554189138596797
28 0.9025687679755326 0.8470534475312415 0.12068851979556537 0.2553590130843206
28 0.5711112275989858 0.860311596321903 0.18813140712209234 0.17996829039507717
28 0.8170142141939268 0.8784525858262076 0.1493869644145468 0.1434623879345535
28 0.7285093565500304 0.9027101304390543 0.10878584296573816 0.15367410972033632
28 0.09788571497219774 0.09954053231022993 0.1577459221229915 0.15090124692920545
28 0.21354355921103546 0.10367088738664548 0.13862557996053246 0.20734177477329097
28 0.8018124701595719 0.11782990165145105 0.12225474801145161 0.2356598033029021
28 0.3058736208140452 0.12601217674678497 0.19330340456874767 0.18491587226160833
28 0.4065081362954827 0.1729141644971165 0.1297230033601962 0.345828328994233
28 0.5257731691733663 0.24609393162450094 0.17185307086602888 0.30541830709324036
28 0.18164093265911033 0.26694831516350825 0.2192544680867658 0.21085570467118805