10 0.1921939810199686 0.14989629636374951 0.11613379932490892 0.11510122317627286
10 0.33096668893730663 0.19121270895469641 0.1143518943548707 0.11625068766863128
10 0.04829280282256464 0.20095309874733072 0.09658560564512927 0.17594465903312295
10 0.6788530325939136 0.23981624043206373 0.3197680822281258 0.3222462414475624
10 0.15138272227963162 0.283392564508422 0.1459930594398681 0.10515822522670905
10 0.2693451042730419 0.34574906185891846 0.12229027222694927 0.12368954666328318
10 0.3828354682843024 0.3887349004198067 0.5258843584516716 0.3618803662417766
10 0.8231859702826009 0.44483899821251743 0.21034975805302572 0.21334698179930867
10 0.1125766964315589 0.4397953158940524 0.10821640109817689 0.10886428725854404
10 0.1540620335917954 0.06100182288794297 0.11443885458234508 0.0868210584788708
10 0.12053133554121352 0.653877513145199 0.24106267108242704 0.28371656475193663
10 0.576837052327426 0.7106460863423951 0.462879170201676 0.4687658956589883
10 0.36538461538461536 0.8485576923076923 0.4423076923076923 0.2980769230769231