6 0.7742318209592642 0.21218867637157016 0.21866177375779253 0.2352764099080009
27 0.21792193393789075 0.39544968514024414 0.06062536405986362 0.06258170815489067
27 0.30332841717884873 0.4023258297665613 0.06308166879827438 0.06451057300893645
27 0.2618906125013166 0.42175579097460647 0.059353496203521046 0.06011487188171394
27 0.30648879407951807 0.4696965121935842 0.05554894791595243 0.07371652184867236
27 0.2455054686638289 0.4773013238000324 0.06801176446995086 0.06896926425548955
27 0.7392032123347441 0.5343772727255695 0.034633073065719236 0.03541756949510244
27 0.27440870546261087 0.5220193273138665 0.06122632559832516 0.0626132032145559
27 0.7446275458304205 0.5970662430835613 0.053804952798528274 0.05502372403703394
27 0.7770794689073436 0.5987669763054868 0.049965432121249674 0.06742345092706928
19 0.8966346153846154 0.8894230769230769 0.16826923076923078 0.21634615384615385
19 0.5342925979047487 0.13240894043642332 0.16473904196334346 0.2174493111362517