16 0.825094357710764 0.2780864420275975 0.3351446827668465 0.3624582059399208
16 0.26216450434449184 0.34359002243304054 0.3766880516511921 0.36486667646183046
16 0.6104302472385486 0.3958692679205967 0.31172863142090573 0.44635444550996356
16 0.3575052258852246 0.5281929497325933 0.41046458145214054 0.3958415217122158
16 0.8335133464661938 0.5601058346012121 0.2853409766022101 0.40899634386961464
16 0.13674526526961367 0.5619939116266075 0.27349053053922734 0.4316801309455228
16 0.729349136340402 0.6823080434244317 0.4835023964278629 0.5059380800693293
16 0.1636819923616429 0.7059320399129073 0.3273639847232858 0.45032561828735307
16 0.49395854174120263 0.7477087292155435 0.45146787002016187 0.4366240997213895
16 0.0733173076923077 0.08386408500306428 0.1466346153846154 0.16772817000612855
16 0.21153846153846154 0.8149038461538461 0.38461538461538464 0.36538461538461536
16 0.36077939306300905 0.12007655125118494 0.24478736772013576 0.22546469882427292
16 0.9398752479484336 0.14053901232205596 0.11020426612147596 0.14716844996638864
16 0.7240073719936391 0.1643620038767965 0.2871233337663635 0.27768303225907065
16 0.1484222796944657 0.17741349940093265 0.2968445593889314 0.31636546034032687
16 0.5000502669307432 0.2204620565599114 0.3529890428486251 0.3413831487906615
16 0.020880529587982952 0.21223790933265663 0.041761059175965905 0.22736043404992864