12 0.13389500032578694 0.34612888590085483 0.15193714158437896 0.12536618825942847
12 0.8040899031872297 0.39061310395464816 0.21843273863605964 0.24694326192361132
12 0.458309785811473 0.4174680031256948 0.1868730867701875 0.2924200108861914
12 0.7141093890537689 0.42703246229604763 0.24297308277704543 0.2355115076272972
12 0.34851476152683375 0.42213381020459434 0.23848633581805517 0.23060590257411875
12 0.2197689842011848 0.4215443238535793 0.11587776691384104 0.30997227590862725
12 0.5998685469690817 0.44603742108760736 0.19345995515237432 0.33338330824706214
12 0.11472462402247338 0.5719505490116988 0.12622819402734445 0.32281626877743064
12 0.2486055269273544 0.6496869128469019 0.2601791009796654 0.2527160941510952
12 0.7983862556837249 0.6745187257397443 0.19095703006259102 0.3213221148726231
12 0.3841546727003476 0.67811645545812 0.22836850781253112 0.30418847096322127
12 0.6548792354682444 0.7000638213095092 0.23664844917895062 0.2299629784304489
12 0.5021650006515739 0.6977129104787931 0.2046687730284392 0.2682281889314906
12 0.08012740559103443 0.7733420996021368 0.10349834399981142 0.13864228730681097
12 0.20456737321151536 0.7858668915119661 0.1941794593952864 0.12935012340659732