15 0.6974720259538458 0.37901438028549106 0.23245979424615454 0.7023841763685034
15 0.15172004851559823 0.4362520382381152 0.30344009703119645 0.5071194610916151
15 0.17977687076356802 0.4439410676328657 0.17905814253349417 0.703498814817572
15 0.4973912839037389 0.4972374298505982 0.4323091986922813 0.4421530956905453
15 0.9447115384615384 0.6574519230769231 0.10096153846153846 0.6802884615384616
15 0.2914677719508007 0.6597077113938413 0.4630286772986916 0.4723987612118118
15 0.80303839665876 0.7545248323432268 0.36494505377478687 0.4108009874641029
15 0.16642287614006404 0.08716418845755389 0.18638501695064116 0.167162877138531
15 0.620875605420993 0.826656608446397 0.2976633266591349 0.30561458070739805
15 0.4483173076923077 0.8185096153846154 0.17548076923076922 0.3581730769230769
15 0.12440649389278818 0.8246674667551109 0.24881298778557637 0.30798877966406807
15 0.519143829203205 0.18300534930080614 0.17805849543974384 0.32525691862233214
15 0.33977754004027766 0.18668349048636557 0.20506030453482935 0.3505269504348928
15 0.8965736405490916 0.30285863841269145 0.20204502659412454 0.5304795291713272