12 0.3047964226067266 0.20458233396026196 0.12724720105733242 0.14091439654844246
12 0.384375306160972 0.20523267839213608 0.15223306979057377 0.14881627091779623
12 0.22697615158409531 0.260485364263103 0.14609747416729715 0.14609747416729715
12 0.5707891417034259 0.24367211321148072 0.23464139790505306 0.23464139790505306
12 0.5274415883859382 0.3134364201730655 0.10820795758937603 0.13212554969881846
12 0.4246431148445289 0.32967087812780294 0.2222442264198388 0.22679995825020888
12 0.3025457711433776 0.36861078349577564 0.2226562176003086 0.22322568407910487
12 0.20466563771939536 0.45569571286964405 0.14542074548539985 0.20179792688622855
12 0.5494813589383731 0.48101275962965995 0.28147468122610353 0.28204414770489983
12 0.31616696934770877 0.5595275823685532 0.24603839369544112 0.18909174581581623
12 0.8458847632452067 0.5944379101017597 0.20326541766639175 0.2305998086486119
12 0.8709055126447469 0.7269065198502627 0.17472399279760692 0.2806447578537091