2 0.1971133930980879 0.33676993907121044 0.03785853185135579 0.03158223883153187
2 0.17403198157426333 0.341449477554468 0.03502513530264842 0.035613959482163
2 0.2281185200358018 0.3445996596892628 0.03504962260887702 0.03621492102062454
2 0.16203928318298227 0.36966559497366297 0.027740134922424133 0.033391050582139044
2 0.24102338397270479 0.3826993236431568 0.03377423761326813 0.034342032357799986
2 0.20457389476535465 0.39021458683534493 0.040420522959827426 0.0503170525949994
2 0.15956402018217136 0.400845590926223 0.04336513492242414 0.03430110319885753
2 0.128020172507428 0.4062370241543245 0.045007829511462205 0.04518841493860502
2 0.17065273331471487 0.4243821698621604 0.039267574495361564 0.05144897162448254
2 0.14396555256012106 0.4288516962030983 0.0369259691429475 0.03812281170716885
2 0.18824080795644602 0.4362495382660664 0.03407930640526525 0.056542607257156874
2 0.2255004233410614 0.4384196637367027 0.04588937253569226 0.0668230303232204
2 0.15812131418640435 0.4658194411275091 0.04273968607773399 0.03366513963667609
2 0.6628433276995087 0.6747277037984382 0.29120511251779146 0.24598325681696037
2 0.4743413932158567 0.7179636149067945 0.22706037285703218 0.2608328459475145
2 0.8349713810486791 0.7967971449259471 0.08005745212033916 0.08140333595922956
2 0.607179429835158 0.9172598576880302 0.06875039830345933 0.06875406876303977
2 0.40277689265897926 0.16803214536032976 0.026008667154004208 0.06446604046353926