12 0.5880735138079738 0.27436906453510856 0.10639201283478951 0.10639201283478958
12 0.4906757876536381 0.2791076707021709 0.0954488343717826 0.0954488343717826
12 0.8751233445747572 0.28905534244483067 0.11341474514027922 0.09024996514346083
12 0.4289721271360859 0.3146767076335691 0.09896411796748161 0.13935399078244698
12 0.22934101123734474 0.3266137086862952 0.12224777591440478 0.12640555693947475
12 0.6246758040567154 0.3304258942736403 0.113079510784405 0.11307951078440495
12 0.3421539527738483 0.3397221353376245 0.09357644258311094 0.1410939400124819
12 0.7123043035425897 0.3390203270822422 0.10162627745066342 0.10994183950080351
12 0.10889696200363856 0.3496468881897909 0.10697241694412488 0.15627182052709732
12 0.03920284151906558 0.3528898728149653 0.07840568303813115 0.13616736975468482
12 0.7961452204622401 0.36328171681441057 0.10580503693751672 0.10758694309111815
12 0.5051259937937786 0.3798873958282549 0.10256289437765655 0.1387949861675518
12 0.858435435844408 0.38058330962643894 0.08207383847255191 0.08207383847255191
12 0.9388663825099326 0.38805973320525067 0.11241603489325086 0.15933956360475457
12 0.43003335173580687 0.4300333517358069 0.10212933950080363 0.10153537078293641
12 0.5646067794276252 0.43207272915343015 0.10609132154923027 0.08055066668094336
12 0.1378821301963664 0.4406434010062247 0.10011709130024392 0.13516124565440507
12 0.2577387825001428 0.46809099073349814 0.07377967591685224 0.14386798462517433
12 0.7324844122435693 0.4637685855408438 0.10092042360328599 0.10092042360328599
12 0.35262077737112185 0.47299574046419807 0.11080852822185236 0.12446980873279646
12 0.9198865127552478 0.47000028705385194 0.13255502873597808 0.1343369348895795
12 0.6277632624981848 0.4782064901704235 0.09725871180776172 0.09607077437202732
12 0.05646412035451187 0.5005026410174829 0.11292824070902374 0.11673422975933488
12 0.20653075992755576 0.531178387663428 0.0963579010490549 0.1735738343717826
12 0.3098402019781851 0.5347833148288831 0.11004673180971958 0.11064070052758677
12 0.11271083172161175 0.53827888306077 0.11417654155241196 0.10407907334867066
12 0.4489555947951084 0.5596032881432895 0.07391253950814576 0.15528625385594358
12 0.6676496522303531 0.5618655937546196 0.11006071745090842 0.11184262360450986
12 0.8898096224844791 0.576105173211614 0.1221848405290551 0.1209969030933209
12 0.5255849732532205 0.5839485917225907 0.07691035437985914 0.1547202564204541
12 0.9617012368408429 0.594496803971055 0.05286447898814609 0.10216388257111862
12 0.7982257127381158 0.5976007742496553 0.11551832104122293 0.11611228975909017
12 0.027940752911863584 0.607809450252168 0.05588150582372717 0.1311289143673774
12 0.3822344573520318 0.6132571137932892 0.11305853232262181 0.11127662616902025
12 0.6090902347843398 0.637056135300913 0.07883211694534868 0.16495758103608335
12 0.8482309701684656 0.6378787619351102 0.09120014667898547 0.0917941153968527
12 0.24124583068112296 0.6461434338123792 0.12197547694388017 0.15464375642657274
12 0.6906531763208433 0.6505281886231512 0.0956376405278315 0.11167479591024414
12 0.11850982042308106 0.659589199982868 0.13917959130024393 0.1356157789930411
12 0.4777309783700042 0.6686286471135694 0.10639900565538395 0.10699297437325118
12 0.30570213631692733 0.6838497476497222 0.10941779898888046 0.10822986155314632
12 0.722419802979515 0.7090448070802842 0.08746892771017382 0.1326105502680764
12 0.034685415340561465 0.7255139979434968 0.06937083068112293 0.15474123488223712
12 0.9290386870807738 0.7162546614111948 0.07862233232751674 0.14692873488223712
12 0.3856435855408438 0.7333934789208416 0.10701395283503437 0.10820189027076857
12 0.12576247374287186 0.7592509158791617 0.12767740822234186 0.1282713769402089
12 0.7914320593816133 0.7683297937374876 0.12401569642681746 0.12342172770895023
12 0.21927471784266223 0.7785927281741274 0.12071761130220192 0.14982207847769155
12 0.4728665014322427 0.7768436809602127 0.1095366769389853 0.11844620770699248
12 0.8621776932258093 0.781927717830425 0.1234287205295448 0.124616657965279
12 0.5925553260417534 0.8187143476105632 0.13191910309454463 0.13132513437667753
12 0.5086224040909796 0.0794066265974857 0.10177270565048903 0.07088633232139797
12 0.6560055075772779 0.839607724012172 0.06977573694485911 0.16124691949639816
12 0.7316986901410542 0.8411304747711235 0.08807688206922994 0.13321850462713222
12 0.2676444973192362 0.8561443168853864 0.1192219897603139 0.12456770822111807
12 0.37216984808797743 0.8585333353327298 0.08893657796968436 0.15546107437080373
12 0.4016092933212593 0.08425711789405846 0.09240906257650285 0.09240906257650291
12 0.4462695096215441 0.8937239178867161 0.0857215646268875 0.0857215646268875
12 0.5171829711600057 0.8928987650565767 0.11169577437202732 0.09744052514321612
12 0.1286748553713992 0.09584531998237843 0.10806902667947495 0.09559568360426507
12 0.22232695588307758 0.1031679015081133 0.09908956770552389 0.09849559898765672
12 0.3100253835748958 0.10575271893209985 0.11551132822062862 0.11551132822062862
12 0.7811232871639867 0.10507803989378112 0.11490337386157279 0.11490337386157272
12 0.5983890225481127 0.1108096265852485 0.10394620975737699 0.10275827232164272
12 0.9108330799833575 0.11198105218385186 0.11673422975933516 0.11732819847720209
12 0.43229986767370715 0.13197041430007264 0.1076149143734959 0.10820888309136298
12 0.724143405106994 0.14780267272196257 0.11267434822258665 0.12989944104073356
12 0.14710844305440662 0.164131165107973 0.11247155642534895 0.11247155642534895
12 0.5075594953606305 0.17075278044363953 0.07802137078905493 0.14692174206164285
12 0.8259292543333578 0.17906581629783735 0.09916648873206231 0.10510617591073365
12 0.6311897445894418 0.1837353363242697 0.11489638104097821 0.11430241232311118
12 0.35462156612643486 0.19776934149000225 0.117936152836258 0.11734218411839087
12 0.2524441189467845 0.2001600440679736 0.10336622668069864 0.10455416411643295
12 0.885717724073358 0.20480884193070487 0.10761491437349563 0.10820888309136299
12 0.08395111791853285 0.22134880306517538 0.09363895693580361 0.09482689437153788
12 0.17374570765804354 0.250347956899092 0.10638502001419514 0.10579105129632797
12 0.950132072785596 0.24612092499881716 0.09034087181118786 0.12122724514027922
12 0.715757072785596 0.24884812503063386 0.11054280103926518 0.10163327027125807