10 0.719104506538121 0.5283625465313121 0.5221260845509953 0.5192468670621254
10 0.6647498061572682 0.5508313658961512 0.30781116965582866 0.4193442786062971
10 0.5598217455325464 0.6550411761110438 0.6850027605168942 0.6823576792595165
10 0.15144230769230768 0.6262019230769231 0.30288461538461536 0.7427884615384616
10 0.24284885446591722 0.7225515108020286 0.48569770893183445 0.5412568677579034
10 0.8289254825141114 0.8162265090610229 0.26621723046516294 0.3326875030436375
10 0.775871542617574 0.15398733691497574 0.2463338378417751 0.2381816216116706
10 0.737129987966276 0.15677934540408955 0.21689857672760454 0.21626866149970972
10 0.035591372516503225 0.15465991458780928 0.07118274503300645 0.11220444456023394
10 0.10678597181995471 0.17437927234429684 0.13810909906454108 0.1390459664089062
10 0.44537825927506297 0.19815210138013534 0.3784742506806432 0.36732874786820463
10 0.22338548612716866 0.3251610139854462 0.19981366363896655 0.3549699074553061
10 0.8884808262207144 0.37327869394074054 0.19190913341348248 0.2089677486688175