27 0.8259885321950959 0.6666529457199928 0.087629388584961 0.18820242291912537
4 0.2067773457153617 0.72566753941547 0.0935042237816494 0.1504239565931426
5 0.3830430119161896 0.7219857864586997 0.08505419335955967 0.08348953511206011
5 0.4777495555069278 0.7414152202259666 0.09300157273052807 0.09305041589742793
5 0.8891996962996495 0.7150748231523097 0.0955035310056315 0.0944344915438326
5 0.41448903779262136 0.7812801851174792 0.09155436935046168 0.08995453192037946
4 0.7182566622685527 0.7691462690551085 0.16830550210373474 0.16684245579700877
27 0.3001836557418367 0.8032446622987487 0.12670437576196145 0.1254664762237652
27 0.6318652697289358 0.8071359141259268 0.14955310385137602 0.149295888129806
27 0.896067544787663 0.799209438536925 0.14122556480629592 0.1277613147175778
5 0.2680012930407676 0.8830821803335309 0.09810360140199247 0.09702049026716034
5 0.42013038558187665 0.8800200299946531 0.08204938566725198 0.08326184440020785
5 0.34879989793655075 0.895099991694485 0.07917945734591268 0.09200303862290883
4 0.8581699030657505 0.8831081072261804 0.12441093054029022 0.11932024641203863
5 0.6367952550475546 0.9119764506724568 0.08127667832506938 0.09574542228078925
4 0.73034903080504 0.9024686543088293 0.10601421352324973 0.0988144091948983
5 0.3243687895469769 0.9513723609898025 0.07697193461762265 0.06495976939213932
27 0.6879901638741208 0.07546761270399104 0.15675235350199684 0.15093522540798207
27 0.5365722354375654 0.12865104690698814 0.15605327984227804 0.1557608849381253
27 0.4416938468600646 0.15156214968625115 0.13835563648495663 0.1365025089402785
5 0.246957730776691 0.18083066102207646 0.08081059615757624 0.10466876907297153
27 0.8021970370714825 0.16778172388746798 0.15700982343301625 0.18211211634569224
5 0.3170125624795887 0.2093842352304385 0.07610111515418275 0.07624142419579763
4 0.390207180428804 0.21714081199214513 0.10249416841977886 0.136174066551901
5 0.537602115161643 0.23015904307697133 0.09425255186807992 0.0937424537206302
4 0.8041836587523813 0.23656456812630572 0.0777444435937224 0.11100611714182608
5 0.4654375753025883 0.264651926577054 0.07825958182184405 0.10268373188810533
27 0.6785704084030022 0.2533391164856269 0.15599173660464907 0.22085584934909946
4 0.2017012832283127 0.2931021707584888 0.12481556865319561 0.14622690121569673
5 0.27178069255304543 0.30714159175903316 0.0943506639893372 0.09494437679755321
4 0.9054393352116089 0.2917784653470427 0.13600084639173898 0.13692131790925852
5 0.5401528319482508 0.32066757898516524 0.08919948007420277 0.11963830370449322
4 0.6247534303173178 0.3348160076457432 0.1204126136414503 0.1435042880652579
5 0.48611525036429953 0.3549962412910592 0.0817550493034799 0.0796560751694389
5 0.2431795214609106 0.4012200341474106 0.058182669932511435 0.06891120268244076
27 0.4124298734427147 0.4004885850529311 0.15415228310563614 0.15442234743409108
5 0.7757049790372559 0.3765893162919825 0.07534059743987626 0.11082396457234449
27 0.8119588955874628 0.37626087390360496 0.12750126399381345 0.21571074896538328
27 0.1718244561937496 0.4308141490550602 0.1413356681893463 0.2095921259207342
5 0.564632500483246 0.4131425109987942 0.09550353100563164 0.09443449154383246
5 0.2556155799709229 0.44986134630807134 0.04910690198404222 0.07479316932759134
5 0.7283392200648863 0.43339021192045174 0.06898758963086002 0.10616185237940975
5 0.27060255363362584 0.529752658468732 0.08420785233491336 0.10970415209251581
5 0.7499490594615839 0.5055235279111291 0.08840239347626795 0.08792395659314287
5 0.41029538929863973 0.5373077318773875 0.10400281585443293 0.10343994893310916
27 0.6389551102777964 0.5236090070074071 0.18585597727917016 0.18429794717947098
4 0.5042170359193193 0.5471217810292699 0.14240291026138371 0.14218439164065472
5 0.4976940676013283 0.0329235739250708 0.073329298954101 0.0658471478501416
4 0.8657750802088159 0.5318181263762644 0.1280044109601421 0.12675947558542908
5 0.3026618298594367 0.5817444423812324 0.05537408648271849 0.07108735812443492
5 0.787404700722631 0.5643625451462048 0.07705765874492097 0.10259265560336453
5 0.23692393149186172 0.6060754835574855 0.10200370699653363 0.10089948835215182
5 0.16851242822850368 0.6124687548646336 0.06668185559827133 0.10718162288685125
4 0.9261162168089887 0.6191569236938235 0.12221549825683499 0.14364090249236913
4 0.31742800165778995 0.6737460615958645 0.17025555490100525 0.16878195483950484
27 0.6446454149446388 0.6525790813771395 0.132272486600919 0.12051320380131532
5 0.7494089468794614 0.6470592907585371 0.09119858893210218 0.12217876428545055