22 0.3016614637249043 0.4763545034264253 0.099950329805208 0.10002862983215909
22 0.6499880878410983 0.46778836982954214 0.1272165964732944 0.12316660644763097
22 0.7461114933838757 0.48361940068431186 0.09731541545986334 0.09633891644395777
22 0.5764558534656545 0.5111301070891733 0.0788933848993386 0.10828755549219338
22 0.07509988492773238 0.5310363100676093 0.1028781147670162 0.09893163695202609
22 0.4021465667007397 0.5364048556550527 0.11326372668739555 0.1112866443509852
22 0.7176108005508701 0.041806846020337976 0.11119126251526268 0.08361369204067595
22 0.27169225193798296 0.5697420219238232 0.08209074941789506 0.11139729338129115
22 0.04326155536921013 0.6318032553414098 0.08652311073842026 0.09020338482319418
22 0.8778484387653672 0.6361186184727419 0.11398022232160634 0.1131105150057278
22 0.3658790347843369 0.054380292063151085 0.10863337090041766 0.1045291651524021
22 0.2380098075787244 0.6836461768863452 0.1086718822656674 0.10513012669086362
22 0.507826318042421 0.6838178437906203 0.09844031580628691 0.09517896544575066
22 0.4069275032086757 0.7425060437050812 0.07024170561802556 0.0762057475207937
22 0.0760905661328316 0.7588560576596853 0.09889438143510267 0.12097833952088057
22 0.48502206259760705 0.7589666557405916 0.11538992253031238 0.12575169335277808
22 0.5833182461027324 0.7783195116686985 0.09111324324899919 0.09312424835806993
22 0.3596226498424035 0.8257058356909119 0.11253201074765055 0.09986837512021597
22 0.6862376358434824 0.8190971225878406 0.08828577207740605 0.08642972727756078
22 0.45170859038248357 0.8296855240913152 0.08159010166964843 0.10358479338129128
22 0.08912907631257404 0.873527147706128 0.11285532197518269 0.1142704660039349
22 0.6111183647386184 0.8684904473108032 0.10293184643780015 0.10912699706651424
22 0.7612817266235035 0.8644458605482209 0.09847882717153666 0.0957799269842122
22 0.16560615836101641 0.915228144357023 0.1073544250929951 0.10328526999676303
22 0.03124912358555412 0.920012961330652 0.06249824717110824 0.06652740478733485
22 0.33737369501944836 0.9296168573296052 0.09719988136411423 0.09453603182857315
22 0.8505178261351029 0.912896702794778 0.08850876951472322 0.10862333212192173
22 0.4189504187892187 0.9291666021307604 0.08118169695743564 0.10656861503424071
22 0.490218553369109 0.9398694312539516 0.089064070136582 0.07986112243320011
22 0.05607667275747478 0.11676586444343434 0.10743144782349459 0.10448719307368605
22 0.5745372146832491 0.11065315720733454 0.09919532280574746 0.09760379763895487
22 0.42534470768378874 0.11826154112197004 0.11638406847545249 0.11319445916315993
22 0.8370651639549078 0.11227857966082884 0.08840130617315531 0.08823261189294543
22 0.048340274285146194 0.19526861315187874 0.09668054857029239 0.11427046600393484
22 0.7934735431609728 0.17496173518153518 0.08373243902092753 0.08087417115590081
22 0.2293865064315524 0.2006562554839747 0.11834099855183605 0.11566126343508014
22 0.5317319627026714 0.19849275318599344 0.10427259467018803 0.10197841672304982
22 0.12877964101144276 0.21736109186356012 0.10810943209245562 0.10571010218996718
22 0.7239321916687957 0.21216794082040286 0.11824160596444927 0.07668270759251222
22 0.9066102002583971 0.2621526532348008 0.09711478787943352 0.11192194436524165
22 0.5962059554902454 0.27778914185123216 0.10821689543402367 0.12610082241894338
22 0.022392385992560052 0.3150144951841521 0.044784771985120105 0.08150947117015733
22 0.8459605881960408 0.3290291870883009 0.09633648982025743 0.1184905492096025
22 0.5049691073913157 0.35412843921109494 0.11506661130278016 0.1113496024690593
22 0.6283908425476331 0.030250265501686295 0.08568936909731115 0.06050053100337259
22 0.9237936387824052 0.3682843655066338 0.1023156645938044 0.09951161245112963
22 0.4645441904335973 0.03957185830340852 0.10456546528665155 0.07914371660681704
22 0.05599087814123742 0.4549526747188533 0.07993411296390968 0.07774344722744499