14 0.5906886580862707 0.7937295274560292 0.27980182845659757 0.29255811264080367
14 0.33653846153846156 0.7860576923076923 0.28365384615384615 0.4230769230769231
14 0.09177767594358907 0.8154245993975997 0.1592718100445247 0.16653307950322663
14 0.9086538461538461 0.9375 0.14423076923076922 0.1201923076923077
14 0.8360039203886751 0.23663322301504058 0.2607384071771369 0.27262558188945213
14 0.13771760258365384 0.1983672877085381 0.2754352051673077 0.3101961138786147
14 0.389921603490331 0.2644301936651622 0.3480471880834672 0.36332847088943926
14 0.6098725216282048 0.3315774693834385 0.20906869746546491 0.21801389186345765
14 0.10961672624075812 0.5144983269306425 0.18905462627080677 0.18301529932608235
14 0.2592126793038991 0.6044151277778569 0.14941863733295951 0.155644360157616
14 0.8415578951386747 0.6704181371439657 0.293836771684402 0.45733500915705333