28 0.5041215025571396 0.163939121264633 0.2489076843909202 0.23894594597786614
28 0.6703549564018014 0.19669716244662588 0.1976544061840513 0.19073741032426733
28 0.40681528530220634 0.3140509341337113 0.16463809045229488 0.2558769534948669
28 0.8188051419448849 0.31523251360227234 0.3359973571259244 0.44733980696045994
28 0.6831352999835875 0.40701125867365684 0.2248570332245827 0.21580433872433055
28 0.5212683314500842 0.4675134713670917 0.20281748217793735 0.27600048686712
28 0.2818160787665379 0.5539376231068701 0.23973370513815218 0.2733119690840631
28 0.6240214575465044 0.7496307524436985 0.4368118265886184 0.42030162363178125
28 0.07266840590243379 0.8276658763968195 0.14533681180486757 0.3440672856678994
28 0.36357241744955676 0.858473113367408 0.14514995047354765 0.20057727083915167
28 0.21455853353293022 0.8789200676227235 0.21575678683731972 0.20704805489866837