22 0.3004807692307692 0.17526299830395325 0.1015625 0.1321715857344285
22 0.125 0.2673324842175215 0.1201923076923077 0.16085039162927364
22 0.5084134615384616 0.3231315315918274 0.14182692307692307 0.1451279813533121
22 0.19230769230769232 0.3494279342991455 0.1466346153846154 0.14884565086463683
22 0.39903846153846156 0.42034541559380373 0.1484375 0.15189242116215296
22 0.5889423076923077 0.46683278436805603 0.14483173076923078 0.10914022672096707
22 0.9387019230769231 0.49300237593231916 0.11778846153846154 0.1229338645659189
22 0.21634615384615385 0.48340089724038476 0.18389423076923078 0.1719484549620194
22 0.7139423076923077 0.4961844993548083 0.1171875 0.11931410780008019
22 0.4579326923076923 0.5334950401844555 0.14603365384615385 0.15063454794495207
22 0.6081730769230769 0.5682419239518167 0.16706730769230768 0.13670103474930578
22 0.9471153846153846 0.5977655091155991 0.1045673076923077 0.09377998494823718
22 0.9254807692307693 0.7090408040069451 0.1328125 0.13530278371188587
22 0.7848557692307693 0.7586523361853104 0.12980769230769232 0.1334299614211541
22 0.8557692307692307 0.851649019169659 0.16045673076923078 0.16539332570969542
22 0.9399038461538461 0.9221168894639965 0.11538461538461539 0.13970483750256418