28 0.7773761774388288 0.21846257706301161 0.30880494584989787 0.33842842467990863
28 0.14858163287419657 0.2838331599067745 0.29716326574839314 0.37299303368116266
28 0.8873318272730977 0.4241348742192005 0.17202110169442866 0.3143146891195843
28 0.3461302560618308 0.46992689466024723 0.23452110169442866 0.31905065592610515
28 0.6047288442146035 0.516086957532784 0.37965111407253893 0.35993681073333583
28 0.0783947332297217 0.5853530504285547 0.1567894664594434 0.25237082221981366
28 0.18648320353738812 0.06514722681907935 0.34874637729304614 0.1302944536381587
28 0.8436242100097642 0.059415660060999645 0.2165977338266256 0.11883132012199929
28 0.7576093015472557 0.7746976641994667 0.35665911730872707 0.3474345917733236
28 0.11736934822648853 0.8342049214775101 0.23473869645297707 0.3123593878142106
28 0.4145569447303554 0.8078659438121296 0.3286072882903109 0.33096229844357883
28 0.27588205097304846 0.8590229486032233 0.2778200007756971 0.24581616853503016
28 0.5040688657497672 0.21167481549942121 0.37104428924480115 0.3736312773784865