18 0.14479849430897382 0.27635253875427757 0.19259046480121034 0.24378221573522924
18 0.49880951743668034 0.29690772114753733 0.1667869853188386 0.21578394156154415
18 0.12126891524729258 0.4485928032759857 0.1811275185965808 0.20858362421725937
18 0.29695999376538373 0.44384635601107714 0.1826296499313385 0.23259759844949238
18 0.44003297187029816 0.521244917111103 0.18617494149230723 0.26627593190956705
18 0.5816043636632469 0.5263321951459156 0.15503854150673035 0.18416663196811497
18 0.21471707192108153 0.5654058627087448 0.16058231632004946 0.19277599195640535
18 0.34676897331987167 0.07018702263848751 0.15026871587051252 0.14037404527697503
18 0.29168319074964244 0.7419946959349649 0.2063605478867874 0.19583895030670298
18 0.4448679053875341 0.7695267155316581 0.1980222746684826 0.1895109999411155
18 0.17530587152984164 0.8456457479382086 0.22106122206937281 0.2269777348928136
18 0.15411530573490007 0.10710381573590233 0.1610481568913458 0.18441150503040105
18 0.3012440929459397 0.24464750529453935 0.18543150366150238 0.24408932959894736