2 0.2882081127895119 0.24700488539625823 0.24745840259755086 0.2620683564258745
2 0.6786233281716799 0.29006611896243467 0.2626362831121662 0.27625229440327187
2 0.43826584200412805 0.3757001340545771 0.2346563969544041 0.24563461775562997
2 0.1578121814865758 0.39260960707896797 0.27371889695440416 0.248137856496863
2 0.8787003004578348 0.4616597838401931 0.23184738823873977 0.26226898400630433
2 0.6741915640454572 0.4641909196552819 0.17430934363216585 0.32343722773092576
2 0.45123441224356936 0.5016244068205709 0.3230598364282858 0.15341608040861024
2 0.7724267445404929 0.6015934216713539 0.19525209081059267 0.31697262551466676
2 0.10551580509720423 0.585057045744953 0.21103161019440847 0.25665255302836754
2 0.25515228094552816 0.6069351860181169 0.23285351233901957 0.24551908365988076
2 0.4649293937595145 0.6684910869324485 0.27005061337094227 0.29414231540165325
2 0.6571103732311935 0.7950744388505568 0.2638731702920613 0.27933412482607906
2 0.285198673737977 0.8157455689723719 0.2431747508017817 0.25518819994604935
2 0.47538728510748346 0.18322225477752346 0.2498762343925859 0.26342432496379653