2 0.41379004834889554 0.19876497327939147 0.12496181502977735 0.11663598014832395
2 0.7139346309837825 0.18957754883595734 0.13764078399510501 0.13519664073871288
2 0.28971400152113186 0.027831877585377564 0.08884122772696704 0.05566375517075513
2 0.08667304817010242 0.03133231373683296 0.08626928827517978 0.06266462747366593
2 0.615486255316396 0.20973696666332234 0.14963474477300062 0.1525273880186765
2 0.03783146857747918 0.2371114150285256 0.07566293715495837 0.10270024686602572
2 0.7691055392069732 0.2229481787274334 0.1227680854983575 0.11952882690662256
2 0.30130532233698465 0.24833034962295536 0.138157698884596 0.13402270789529205
2 0.5004043198613626 0.24504720748482273 0.12606705646206223 0.12387550884336467
2 0.1850626471798536 0.031482946093747764 0.09021124410183123 0.06296589218749553
2 0.7820328097649502 0.31219672202459203 0.120280192695541 0.11821494289569048
2 0.7151706206934457 0.32609295540214756 0.09893562224483979 0.09565664980550076
2 0.4265409889339662 0.3419321136370751 0.15041643460507087 0.1465737531010656
2 0.19054383261219027 0.3589139005545736 0.10094862348265089 0.09874542819831525
2 0.6386930470065568 0.3404370325157391 0.1637636584246805 0.14899242285349984
2 0.27322438497297086 0.3586570175620319 0.09910371554278104 0.09806049595934688
2 0.5263258743099167 0.35405667748561964 0.10214614823887153 0.15870163087695785
2 0.144223652488684 0.38742748552604805 0.10806348029955123 0.10626485922837858
2 0.06570368923516631 0.4138467738758748 0.1227722038358401 0.145286202359962
2 0.34890379547785944 0.44138880734418706 0.1182671914577298 0.11512616450287606
2 0.6528222406414568 0.42962959534589334 0.14921451152814777 0.1465177726340611
2 0.4296260049209818 0.4520052125109576 0.1530724207058286 0.15029148326584385
2 0.042764950875407375 0.05687893395706856 0.08552990175081475 0.0929729013166321
2 0.12510107996534064 0.0612618018712057 0.15018132797452927 0.07468229035369903
2 0.2683232894084631 0.06896722275374192 0.11573727533042778 0.11321131895348244
2 0.77460431792212 0.795340151750493 0.17493390604602047 0.17167584351261284
2 0.8821890683024028 0.798715371258549 0.12538204827463006 0.12264559553293927
2 0.13317011823295483 0.11719238181654525 0.12735302618795588 0.12513341238729223
2 0.03414988937270446 0.1292742209074757 0.06829977874540892 0.08760540433889474
2 0.5565244512481248 0.11065243081010859 0.12954263738189306 0.09648319017565413
2 0.4732808423358854 0.13609371795103037 0.12152413909694924 0.11887188490115658
2 0.6255048398602633 0.13499381402607352 0.0990196688938104 0.09685857288242386
2 0.36272918925029746 0.15801486352536345 0.11696446839868598 0.09649635681056837