21 0.1778846153846154 0.8449519230769231 0.10096153846153846 0.30528846153846156
21 0.23997636062779815 0.17862467121398262 0.12418349048636554 0.34689751507387795
21 0.09722741680897454 0.18047257222313723 0.19445483361794907 0.36094514444627446
21 0.3395713485387476 0.22953435785739587 0.3321425160638863 0.32774232626799066
21 0.7313159578788377 0.2649388460515277 0.3616752591126824 0.3562084081954006
21 0.9122596153846154 0.28725961538461536 0.17067307692307693 0.5264423076923077
21 0.5409149153766463 0.3518213958416243 0.45281728558042755 0.4446814064493579
21 0.16771954603018074 0.5858225388268106 0.3029704211977482 0.47452969303823644
21 0.8185096153846154 0.6526442307692307 0.3581730769230769 0.5024038461538461
21 0.21754807692307693 0.6358173076923077 0.31009615384615385 0.7235576923076923
21 0.42932389418789907 0.6618512179990231 0.5019035140271055 0.49352129118649984
21 0.6986666243526773 0.6720888794478543 0.4868086714999744 0.4786785455869058
21 0.8990384615384616 0.6899038461538461 0.1971153846153846 0.36538461538461536