2 0.7855079189028019 0.3037780073969978 0.11638406847545249 0.11638406847545249
2 0.6561014817559694 0.32686359796405323 0.1483577136610164 0.14835771366101638
2 0.8737731635289767 0.3577086579918812 0.1196199443592587 0.12018239453247045
2 0.7796380498764793 0.3577105003975373 0.10156780714569699 0.12800296528665156
2 0.5696561844563697 0.35752969913678206 0.10615250201607214 0.106152502016072
2 0.6481985811255917 0.43135388292586146 0.11578310693699095 0.11634555711020275
2 0.4893602488996781 0.4428985206150452 0.12086037880143138 0.12086037880143138
2 0.7765428415537939 0.4625088762813435 0.14715579058409334 0.14828069093051693
2 0.03089901176988341 0.41976310325978944 0.06179802353976682 0.14241082190419427
2 0.5886577279012966 0.4565029457080403 0.09212260949967366 0.09268505967288558
2 0.18000388174745044 0.43031521733821787 0.11514363403327967 0.11570608420649145
2 0.686645820484424 0.4905400631087277 0.09547309827640103 0.14496871351903928
2 0.46655599345486426 0.5162624104267839 0.12661563493483285 0.12661563493483285
2 0.06771815949683263 0.5063928866314567 0.08947155364596676 0.12603081490473372
2 0.7045063220745649 0.5508207030269491 0.13168483604509235 0.14968324158786983
2 0.0189425046284459 0.5093681749155239 0.0378850092568918 0.1004671190618169
2 0.6119278045404195 0.564197744739758 0.061966148032200755 0.11708626500695701
2 0.5516776052332667 0.5627504543686304 0.1406840388164811 0.14068403881648095
2 0.4559715963597112 0.6060985502740166 0.11676203257659687 0.09426402564812483
2 0.010237093676348789 0.579896522801488 0.020474187352697577 0.07325458406451446
2 0.0856127865093544 0.7356359618934041 0.1220623018783545 0.12093740153193103
2 0.028341690792088012 0.8764472903711277 0.056683381584176025 0.1443829722861121
2 0.810515392921032 0.21486614031575874 0.11059030097680114 0.11002785080358948
2 0.9081953945821616 0.25371095002413846 0.1170549031930604 0.0894948447056822
2 0.7033293123917421 0.24903054737768876 0.13066117069171176 0.09635171012579183