21 0.7154625496565892 0.19855797734601593 0.20015586854394757 0.33979195647941807
21 0.4363216627144975 0.2993053575726269 0.35685936435139876 0.43329998615994053
21 0.8389423076923077 0.34975961538461536 0.3173076923076923 0.43509615384615385
21 0.3475254321906199 0.6196523865863482 0.3095912215850791 0.6316551367933171
21 0.549791802355056 0.6625989902629422 0.34767299710467164 0.5041146533993074
21 0.9603365384615384 0.8221153846153846 0.07451923076923077 0.35096153846153844
21 0.859375 0.84375 0.2764423076923077 0.28846153846153844
21 0.25240384615384615 0.8581730769230769 0.1875 0.27884615384615385
21 0.4987980769230769 0.9098557692307693 0.24278846153846154 0.17548076923076922
21 0.7103365384615384 0.9302884615384616 0.19951923076923078 0.1346153846153846
21 0.21897040513218394 0.11556581249501927 0.18253215641821405 0.21923577575158107
21 0.9158653846153846 0.15264423076923078 0.16346153846153846 0.19471153846153846
21 0.48957474406055584 0.14493236018095162 0.27241871889034247 0.2569482057632539