18 0.4637271311887936 0.2163065012068047 0.2011524770234717 0.20007799613113034
18 0.6447083402545958 0.26857124993611203 0.1666050896933722 0.13088324692620085
18 0.28671883530927705 0.32696413182553946 0.223734427710219 0.22185858622256355
18 0.6497727494494943 0.36697489678280537 0.1997325386264815 0.22869308178578576
18 0.45586296617533 0.3808624994036982 0.24308387999280667 0.24044181179544022
18 0.5183643855836066 0.46380949081409667 0.1319411484238694 0.16275034997302468
18 0.7553985292163823 0.4981367152227636 0.2533823367437472 0.25007241671635916
18 0.317680513896315 0.49879254970610865 0.17547535206381432 0.21637383084873818
18 0.9447115384615384 0.5949519230769231 0.10576923076923077 0.18028846153846154
18 0.6267583166433041 0.5999330470227462 0.22972753112781802 0.31673348656898714
18 0.4742245129423835 0.6547469154811607 0.24765491590100047 0.24551908365988076
18 0.29927227004476614 0.666261112559276 0.18021957485384343 0.23162893750177516
18 0.608350072791755 0.7674016098759135 0.08407256527522874 0.09928041629042803
18 0.41203644336374473 0.7811351670358075 0.10863058745919574 0.13135437526620672
18 0.6855105158184686 0.8070327883976506 0.1292999361663864 0.1278945807422557
18 0.9206730769230769 0.8461538461538461 0.15384615384615385 0.18269230769230768
18 0.5420635703997808 0.8397033229690218 0.20425803639230503 0.23316939211176463