22 0.5418547814700294 0.18696816246229273 0.15149308004399215 0.1493055018825456
22 0.27620880182468294 0.20364098002343012 0.1424681671443958 0.14817950998828494
22 0.6658897177840942 0.23497620306700634 0.1706054195792674 0.17803479538709455
22 0.3951633104415521 0.2675540368179033 0.1565525280958415 0.16400859499538206
22 0.5154665996527693 0.322983628026475 0.1226049669071454 0.14522155859014227
22 0.2845505113661136 0.3448378666733942 0.11433091470952429 0.11832422458947534
22 0.7345793369158358 0.3582498104218993 0.14004334134520327 0.14683757881648213
22 0.4157130675603313 0.39723357530116093 0.09362548701232853 0.10150915578299738
22 0.633791718909246 0.4229543771286405 0.15836590253389923 0.16471456260500345
22 0.34491058754077925 0.4637938100526741 0.14342578265374642 0.16864720431969715
22 0.135734012865471 0.4783783604610601 0.16450139579059314 0.17227612130374131
22 0.4958913430354658 0.4814156077675565 0.15898784371770716 0.1659514877056464
22 0.7264270679370717 0.6877167415937021 0.17333749188207184 0.16258480550569432
22 0.37863891546047046 0.1136260246538645 0.12043493849819857 0.1240828986728286