0 0.13800071453567192 0.3499982133501391 0.07360192576709398 0.31741300564926545
0 0.06963802298842824 0.35280680103314654 0.07994314232165614 0.3108793497527268
0 0.8954326923076923 0.36538461538461536 0.20432692307692307 0.20192307692307693
0 0.9314903846153846 0.375 0.13221153846153846 0.1971153846153846
0 0.24575546218114136 0.3704737046467118 0.20764901643713005 0.20184084720657222
0 0.6907118737049659 0.3816580072711846 0.20764901643713013 0.20184084720657225
0 0.3162016198295382 0.38931371798950865 0.191963820707419 0.18544006515325065
0 0.4912150851702427 0.4093704821157313 0.08150319894647577 0.27545758308646806
0 0.4015606005255842 0.4203407897958018 0.18453189648982302 0.179947497459964
0 0.5902625236025073 0.42253653546244396 0.1933371549279424 0.1896607815636702
0 0.7792093197417166 0.4307418965137015 0.1670193288384988 0.16292477540639758
0 0.12470206218181448 0.05310922770895028 0.08881373594600141 0.08632951898594352
0 0.05859629295104526 0.05234001744356608 0.05950027820978283 0.10400872411006959
0 0.9422056529393357 0.06742715602502909 0.08511001749031795 0.08388371590853097
0 0.8857642429364083 0.0679717539660784 0.08818828710131126 0.08572156462688757
0 0.2380256536997843 0.06283733951915936 0.057782076630337804 0.12080767590461505
0 0.2982197567708526 0.0659404677324457 0.06699239815708981 0.1257202605212234
0 0.6696139875400834 0.07026203085978604 0.09191649286322345 0.08876832924276169
0 0.5314418083063868 0.0698556051999967 0.08878924863977279 0.08572855744748198
0 0.3715860390756175 0.06799551492188581 0.06528746276661962 0.12810312821328634
0 0.4557696290726901 0.07017643288202514 0.08939938622376704 0.13018572565244704
0 0.6000003983034593 0.07185470982468158 0.10319905937387475 0.10031246924423015
0 0.49479631354035897 0.7626099959604168 0.23206600868627447 0.2261520287482154
0 0.27042849505540134 0.7696100656734951 0.07622206753355548 0.38171589026464997
0 0.6471691388693539 0.7872087252117443 0.20894888873896741 0.20425867900160727
0 0.9735576923076923 0.7932692307692307 0.04807692307692308 0.34134615384615385
0 0.11842093424811449 0.7834588892425168 0.1821862009939668 0.22557162463887984
0 0.16684067961223814 0.7924317764285307 0.21700626180125362 0.2103592010539497
0 0.8119529918672372 0.8215626954903447 0.07984723816846294 0.2790423738554543
0 0.4189731203258485 0.8181913138985291 0.18010477996453472 0.17448989386964933
0 0.5681095310892245 0.8223293795597869 0.17765195919823148 0.1732599995103488
0 0.3458027364709124 0.8209439590167812 0.1788783695813831 0.17387494668999892
0 0.9251786341602928 0.8288869611467078 0.07376416086516166 0.27716956103412554
0 0.7184968395419807 0.8276833539391565 0.07421819856625142 0.2735707846239506