22 0.8288703139108945 0.3229886402438815 0.15787278448618627 0.15328394156154415
22 0.29436921772155417 0.3144650661590278 0.11254723105318476 0.11007899666546656
22 0.9103861564585276 0.36728224773127177 0.0786623167078401 0.10510193828589492
22 0.1426349606156109 0.35045952190663976 0.1297359767228898 0.12576419239517747
22 0.4119893346963105 0.3783057327864382 0.14207851871965277 0.14065252813659812
22 0.6222954325467804 0.4061560338096789 0.1497136821989385 0.14755695273441832
22 0.8734830565209972 0.4730290362659951 0.12697653632478662 0.18559098587281658
22 0.31555968063719114 0.45391058531661227 0.12252351705852327 0.1722229081892911
22 0.09417476629184655 0.4485050258552522 0.078754559743874 0.11589475867197407
22 0.5607072486157241 0.5398184585538688 0.14907420929522722 0.14693150388972825
22 0.24937873108157851 0.5464137777706741 0.1547524426981291 0.1513586204150164
22 0.3380613723769753 0.6669182852287906 0.1533964741602071 0.14890579964871292
22 0.4561274842263662 0.6861898487851327 0.12534291747593548 0.19751226741713304
22 0.05912367662634444 0.6996845066976678 0.11824735325268888 0.17355848891461095
22 0.5825766170031501 0.7250839784719019 0.14064460624840328 0.18375034776222832
22 0.017126242113183112 0.7155094952909388 0.034252484226366224 0.09928822135110839
22 0.6550628161683257 0.7786501482874763 0.11766301428287501 0.11508258742298785
22 0.3616556814464585 0.8064617536112895 0.1157445955717412 0.11320624088891734
22 0.8511160240650801 0.8408664724169139 0.14576131068092152 0.142001375050893
22 0.14535610971973553 0.8157241441352924 0.15027613237215018 0.14698047850218535
22 0.1400411011727289 0.09006054349193951 0.13213175212255482 0.1444429746999424
22 0.8999954574637227 0.9055213553650318 0.0913747520515664 0.11640899210277503
22 0.6018415116563001 0.8945775745525631 0.1720182110983336 0.1682457392216507
22 0.2975704871226941 0.9038705875979581 0.1292505492801775 0.1275425897043334
22 0.06850961538461539 0.9158653846153846 0.13701923076923078 0.16346153846153846
22 0.36177884615384615 0.9338942307692307 0.09375 0.12740384615384615
22 0.7776442307692307 0.9483173076923077 0.13221153846153846 0.0985576923076923
22 0.01643487994434393 0.9308985991224558 0.03286975988868786 0.11179719824491158
22 0.6875 0.9627403846153846 0.09615384615384616 0.06971153846153846
22 0.43146178640997224 0.13085650277765606 0.0958653614802514 0.17713059479361895
22 0.7090289944487035 0.14337156133219794 0.13422750735440303 0.13973323161716453
22 0.9157293230684042 0.17107493851806696 0.1527955126217457 0.14888131234248445
22 0.06162230935343718 0.13841296215254056 0.12324461870687436 0.14701823199738884
22 0.3071711324928298 0.15230339999932688 0.1241642854587278 0.18847335703398121
22 0.5124080292330404 0.20284331564673438 0.10975735004401316 0.15072399552479362
22 0.10136647843371042 0.22345156279589354 0.13560676695204052 0.13319611661277347
22 0.37982751862736686 0.24082328827058497 0.1334249970326836 0.20203733316733563