11 0.8211869736095447 0.2273525614952188 0.25473658917596087 0.32022989684391384
11 0.6274670489376073 0.23989781686128803 0.20059747339259212 0.31679437993557624
11 0.4466686148767813 0.32355061493345266 0.35553304034682987 0.30995905698701304
11 0.7641582852166676 0.4552667936560052 0.3985478298776704 0.22726810353735885
11 0.6275155410710125 0.5401947265437077 0.39343039389579704 0.3807388720723503
11 0.27372953788098403 0.5635215139345899 0.2719773205251419 0.2643038678976834
11 0.09793003458247919 0.7314927869397198 0.19586006916495838 0.3062451953513298
11 0.8538094342050584 0.6886543949852842 0.1915451836441946 0.343239243032705
11 0.5023673445218676 0.7262152889412518 0.3973516270575492 0.3845336116611112
11 0.19322623036108505 0.834253824410009 0.3864524607221701 0.3217739849693257
11 0.7591898658006427 0.8539324252881253 0.3179364400784897 0.21526676060187538