14 0.7373711024708128 0.5393616718895061 0.2701002521606365 0.25232203746999843
14 0.43820268338527685 0.600727150822585 0.28312132206201596 0.26568304772804024
14 0.46217083883084364 0.7427079159525849 0.4120713359440406 0.16871272569527726
14 0.7113152895175909 0.7660216503451708 0.37224720173208187 0.34837882620083704
14 0.46546893586508137 0.8496231272339835 0.18748490744126028 0.17630676412622284
14 0.4060154727129165 0.12841333851538214 0.0901642912569384 0.10432340103681768
14 0.5983231650206089 0.13065104110559073 0.1894699446261266 0.17873158874185208
14 0.6050090159655486 0.26642639187433204 0.2896028308373514 0.1768945820888095
14 0.40317701532721245 0.26527872723153606 0.3642586760336935 0.17956457645789994
14 0.6687496406096105 0.39445959188167434 0.3264368006777555 0.3064159897847883
14 0.33900461826784584 0.4326528769646834 0.35192964395551635 0.1674124820973755