5 0.6850961538461539 0.5774912743845284 0.12560096153846154 0.1330488753371955
27 0.4362980769230769 0.6343003642133049 0.3203125 0.22906021152426465
27 0.14182692307692307 0.6543728562626001 0.28365384615384615 0.24894659516710752
27 0.8509615384615384 0.6245544452679083 0.29747596153846156 0.32855831810631303
4 0.046875 0.7914672673566743 0.09375 0.12379623451742078
5 0.2644230769230769 0.7859396146747302 0.19651442307692307 0.1321845625905109
5 0.4411057692307692 0.7866365040605378 0.13762019230769232 0.14643929494988256
5 0.36658653846153844 0.91040229796689 0.1466346153846154 0.1368006192747824
27 0.9543269230769231 0.8943727981372607 0.08533653846153846 0.09080515232700147
27 0.6598557692307693 0.9192529824942481 0.3251201923076923 0.09715676398472411
5 0.0889423076923077 0.2719445487122694 0.14963942307692307 0.16043067610103115
5 0.5685096153846154 0.2640490177045162 0.17127403846153846 0.09751420063463709
4 0.33774038461538464 0.2884527665758006 0.28064903846153844 0.29743192295624343
4 0.8569711538461539 0.29724625469233384 0.28125 0.25119639585995474
27 0.5973557692307693 0.38840239524945186 0.2620192307692308 0.2211178783258093
5 0.0733173076923077 0.4400131519010703 0.14543269230769232 0.15475244269812904
5 0.9831730769230769 0.4045434833745041 0.028846153846153848 0.10521393014737211
4 0.28846153846153844 0.47670685237243304 0.2614182692307692 0.2799735977297902
5 0.828125 0.47096980022432133 0.21875 0.13481140618167423