0 0.5564636287931111 0.37806383751598815 0.09086735542912946 0.4724892894028112
0 0.7674984253869801 0.40480762678848464 0.09720702860995746 0.5166394979002631
0 0.48840043906853003 0.3957782262439701 0.07479973383320572 0.40738135824186794
0 0.7018810538949611 0.42146010053442323 0.27056818239086655 0.27724511108740546
0 0.15500605389496117 0.389608258949276 0.11272518364376204 0.46296705658814147
0 0.24622629150496692 0.3985343357854765 0.2586672342548629 0.26275795725211115
0 0.11607904397813548 0.3952215585901423 0.23215808795627096 0.3192892710264384
0 0.4227410954977951 0.4136326230668317 0.21832458585402365 0.22382417186416115
0 0.8383966197195996 0.4438636388656469 0.30411137951440664 0.31038522036828237
0 0.3319672835478237 0.4264111656626866 0.20955436164647565 0.21311779737823583
0 0.6292887092078581 0.46540678481239317 0.09346196523190334 0.3406977752259121
0 0.37716340039918195 0.47721824658976514 0.051201953646562916 0.22968360724629733
0 0.5108553992828135 0.5115010075953398 0.05017363771801989 0.20023649186168194