29 0.7566443378098898 0.3571199739619652 0.20369879255798132 0.21608493727461725
29 0.5854188467581284 0.440137272885068 0.2012949464041353 0.21591684397667604
6 0.3447475354333097 0.47260678924480104 0.4291650595948187 0.456519252692243
27 0.4860500147171779 0.5726685245925586 0.12875651046235304 0.13815769888459592
5 0.4446671788926458 0.6587532462198671 0.05559963152234077 0.057351722775722945
5 0.20402383790345668 0.6864150702719077 0.06226265282472317 0.06682840242198405
5 0.4226899268965679 0.7161346373076275 0.048954091679726947 0.05087985082176953
5 0.357632243896759 0.7380384259555247 0.04231554442102032 0.0456099019447392
5 0.37779222543206276 0.7863422189880244 0.048363619017126394 0.0526407121126687
5 0.3102048297680745 0.8297125297225959 0.054453649116676835 0.06688306074213721
6 0.3651111032570774 0.2792399971667917 0.4606003630683647 0.4905554271039393