2 0.5485861736489708 0.44148540280894927 0.14532656466130198 0.12762727274027313
2 0.225817044065737 0.4847566250954768 0.10472341483000942 0.16134540476727247
2 0.13029323433884982 0.4994919017843624 0.16464455855756352 0.16078932769782603
2 0.857666708019631 0.47346803047851094 0.16662245329154773 0.16386759730881947
2 0.38917301566850043 0.5383391554848198 0.16697896145158503 0.09793323922165041
2 0.5774430601903391 0.5439202697876466 0.13924101809402423 0.13637233544868146
2 0.9208311856826946 0.5443855821604147 0.14036164364067744 0.09385099005528388
2 0.46445043668912483 0.5690055502787753 0.11550628128621226 0.09943310011675904
2 0.7650712140147738 0.5591657433183154 0.1735895383746621 0.09820259959016517
2 0.19910545287888443 0.5846366319395141 0.15383373878809362 0.08840458271392652
2 0.8780734486359723 0.7617826451026778 0.09998516578214159 0.22410354401853338
2 0.8204392907206596 0.7858170164976971 0.1622057103799976 0.16009041693445006
2 0.5431450801886282 0.8031397673599312 0.1525612508761155 0.14890579964871292
2 0.2599112583194213 0.8219093143613746 0.16160474884153592 0.16006592962822125
2 0.1568021813529061 0.8718921571806872 0.15288812336003996 0.1339307357996318
2 0.46050986621729256 0.1703854180179212 0.11815402003086763 0.22724200935923788
2 0.5592075666198646 0.16877334595027496 0.11142121641857863 0.1939932262940244
2 0.8215768176262948 0.1641064958192155 0.11616483181405357 0.18279534281931265
2 0.1717564572955495 0.19781329962011227 0.09649625689297739 0.20537578710131127