12 0.597892320258654 0.2571544906710457 0.10761608786792219 0.10945354782077633
12 0.5006204762383015 0.26472720351085005 0.0965470045443643 0.09819546861635359
12 0.8855715616953528 0.2634784044476153 0.10271048281474375 0.10505091860171671
12 0.44013367634925243 0.3020806779769378 0.1005729022967416 0.14218809745518898
12 0.24083824614113275 0.3198258482602216 0.1237026765252138 0.12992194855195102
12 0.6364667639397973 0.3121266623002563 0.10146709960213694 0.12901591822149236
12 0.3541547162135687 0.32964531161231936 0.11868517119147981 0.12071162702519905
12 0.724430949116293 0.3181669002062636 0.10289232077064653 0.11286341860171671
12 0.12114948971132508 0.3463579248905594 0.10877705327868605 0.15933335551308403
12 0.05630159369775671 0.3514064001170957 0.09872755260662402 0.11449489207350101
12 0.8091530409738252 0.33997906194964256 0.09295572531818899 0.12446636516506099
12 0.5185953821299683 0.3650520720104446 0.12177390409420415 0.12443983278711143
12 0.8720726670259084 0.355461228255713 0.07010469685205688 0.09711802714229464
12 0.9399038461538461 0.36177884615384615 0.11538461538461539 0.14182692307692307
12 0.445223129236432 0.41736734413663873 0.1032974568181358 0.10447444436948371
12 0.5799224390622333 0.41548795677219874 0.10701462385993593 0.08361220166693019
12 0.15332367196495764 0.43647971342528263 0.10167691262817855 0.13803034129841543
12 0.27418738134059867 0.46042840602571405 0.07544441796191247 0.14596732290127967
12 0.7489749717953529 0.4422853571820336 0.10208154620614324 0.10382450821856509
12 0.3692791797682162 0.4625690270262087 0.11224244468923618 0.1276538051182228
12 0.9326923076923077 0.44350961538461536 0.12980769230769232 0.14182692307692307
12 0.6447153898745731 0.4597673023119659 0.08897229264054501 0.10809347978922791
12 0.07176175809407094 0.49875319245406186 0.11867118365641036 0.12011066548673756
12 0.22516131575705173 0.5249853397489175 0.09836538410339223 0.1763204686163536
12 0.32863860065299194 0.5255812153852885 0.11131976984417741 0.11380720242737888
12 0.13155119110774618 0.5348149749051964 0.11067684570050755 0.1119798305057656
12 0.4686771291191244 0.5463424680325581 0.11562441335889431 0.11818534434020983
12 0.6875390293996799 0.5422367808730357 0.11134774491431625 0.11500912550430197
12 0.9102864496123936 0.5500034006453723 0.10009782857390502 0.14757226399511417
12 0.5461876825151181 0.5684484774506804 0.07870100128547022 0.15690706712473032
12 0.9699519230769231 0.5673076923076923 0.055288461538461536 0.08653846153846154
12 0.8194158719586009 0.5741581634998136 0.11685431150595622 0.11943624202959012
12 0.04540538549027828 0.6068997369991891 0.06493433357160802 0.13293084638770097
12 0.4038022629744663 0.6019206871023209 0.08146802088159734 0.14681315750202728
12 0.6315811760559834 0.6191067930402132 0.1230038022412662 0.1256907304764917
12 0.8708477935740925 0.6129666143919948 0.07464712846295421 0.11171251520897198
12 0.2639046147980775 0.6389007167598162 0.14019440122999483 0.14200137505089291
12 0.7136476461284194 0.6301995963161988 0.09692466799123932 0.11442143015481512
12 0.1415882116533125 0.6559153579996837 0.14073941262817852 0.13962201620327536
12 0.5012709374248403 0.6544931027211276 0.0841511152673078 0.13311347864855508
12 0.3297036631963681 0.6747176261486646 0.1106628581654381 0.11137886896730392
12 0.7474703476421479 0.6877715125490845 0.11130578230910806 0.11320624088891734
12 0.05535848082542795 0.7243943508629074 0.08050388590085483 0.15698052904341608
12 0.9471153846153846 0.6887019230769231 0.10096153846153846 0.11778846153846154
12 0.41140746229604763 0.7219170963447998 0.11295480403872873 0.10666912588452632
12 0.15232360401330192 0.7553321510970986 0.12328355294265503 0.1377099612457225
12 0.8185806396106309 0.7450271388727194 0.12543562346525106 0.12699060277832921
12 0.24654918020566305 0.7719448236331274 0.1224453057775375 0.1532859866332654
12 0.5001829245065712 0.762813103481576 0.11090064626161879 0.12159521512115007
12 0.8898298019907591 0.7565607136608201 0.12486263699692848 0.12816803854902376
12 0.6213823347238788 0.8011848730050846 0.13342996142115401 0.13512143775930133
12 0.5116016145952458 0.06457130277967539 0.08732276844139975 0.08881373594600138
12 0.6855878090633021 0.820223833929467 0.11742729797427878 0.1182588062588956
12 0.7613649130497335 0.819542279498508 0.11192073138263882 0.11383168973360715
12 0.297646405918537 0.8480618645223813 0.1230038022412662 0.1256907304764917
12 0.40229763882126146 0.8474068424693719 0.09073421958977033 0.15799777478776414
12 0.40471438595950865 0.07253581251913757 0.09347225917670944 0.09506822439290288
12 0.47765612169465893 0.8804281088047163 0.08670781936786873 0.08818828710131126
12 0.5485695832331204 0.8775386066697402 0.11281492868803429 0.10065951049991093
12 0.1320736729889424 0.09206651108538902 0.10329745681813574 0.10447444436948375
12 0.22601949847991462 0.09665995285218706 0.08378743935550226 0.11748847864855493
12 0.3138438083057159 0.09669057537357893 0.09923110386912407 0.1361295074581164
12 0.7851095547401177 0.08230021959803935 0.13031275097876607 0.10437445007284822
12 0.6025011722582266 0.09335012992230665 0.1016064724833068 0.10920867475849023
12 0.9151130725387822 0.08542442299112066 0.11808420965301827 0.12068713971897045
12 0.43708338876506425 0.11933939567217282 0.11942550561111122 0.10092887086842553
12 0.7295982975795942 0.12666933407583658 0.12356280117451927 0.12391233316733564
12 0.15289902121762833 0.15979253267068882 0.11376557860323191 0.11570803626767787
12 0.5137277199258015 0.15591745662582923 0.11376557860323189 0.11570803626767787
12 0.8325170860118057 0.15495841509389557 0.10272447034981323 0.10565188014017825
12 0.637861497690545 0.16529614846581206 0.1162113873622865 0.11760887010797691
12 0.36167096562948736 0.18737761702328132 0.11928613272994135 0.12073611433142764
12 0.2595354791611647 0.19274238215906847 0.07874246142115396 0.13289309289249746
12 0.8932286914010151 0.1789519921633421 0.11003392155683783 0.11015245858415232
12 0.09171384951415616 0.21882959713384909 0.06890327624465821 0.122885911377455
12 0.18255745703685916 0.24520457812263421 0.10173236029893175 0.11461732860464412
12 0.96875 0.21754807692307693 0.057692307692307696 0.18028846153846154
12 0.7247366650097226 0.22792472021211838 0.10701512632946038 0.10942906051454773