5 0.2741459248800296 0.03951128162401066 0.05309954206775148 0.04439534387214836
5 0.44347548996223457 0.1985260243986343 0.05375423527699697 0.054611690025994565
4 0.9795673076923077 0.0889423076923077 0.036057692307692304 0.04326923076923077
27 0.128602084419457 0.19565252495014482 0.14384197076695962 0.19073551600214683
4 0.2680556019536025 0.22454865881252908 0.09520443992248086 0.09460282150215328
5 0.4832768554533327 0.24079493205518337 0.04227416362126272 0.0621846850747504
4 0.7477769551069091 0.26048711790563084 0.07485684109946925 0.07583019050323962
4 0.08191525530283675 0.027265740865643266 0.04749833139534894 0.04101232625947312
5 0.5188258292585973 0.2540495925676375 0.04010945641309614 0.04707659996424138
5 0.8914524237158197 0.29925077633031144 0.04938538829258613 0.07045944164408856
5 0.6478471527529325 0.288198921973902 0.03809072391174722 0.05291812205091565
27 0.9483173076923077 0.33052884615384615 0.0985576923076923 0.16105769230769232
5 0.7660511685549599 0.3215918315394315 0.049062077065053916 0.05607838804549692
5 0.8152064098588757 0.3417806205751771 0.04961645648408464 0.07406521087485769
4 0.2901970934349895 0.3086580042058093 0.07393164713064736 0.10807199695773631
5 0.3407548853962582 0.3133898865394962 0.0316959948746346 0.04648827342144745
27 0.40793897285402014 0.33483937530980035 0.15862779148564654 0.16006120754927322
27 0.8720353260073268 0.36968522796628467 0.10483504484339981 0.10484855598481711
27 0.6668915935059782 0.36132286637693345 0.11889537797086663 0.13753998401298434
27 0.07802630854416984 0.32134193145827944 0.10384804844961276 0.14546180065329012
5 0.7503168628077359 0.39348034619923955 0.04891518115540805 0.08179366422588717
5 0.9783653846153846 0.41346153846153844 0.038461538461538464 0.04807692307692308
5 0.4902697824204229 0.38726145414185764 0.04353788912315082 0.05389729350974466
5 0.03303029468722586 0.3660569885763799 0.023890644425987633 0.0740610925373752
5 0.3816954503364862 0.4107791624365656 0.03973956306613297 0.05064034587052536
5 0.47156203079478765 0.4314216913834644 0.03211961989238159 0.053098850344524405
5 0.19038905352528712 0.41295669860127515 0.04876920644859032 0.06084405702870381
5 0.5906294381406718 0.44094423270847344 0.044878637355538695 0.04681182502166214
5 0.5005622301019405 0.43584265711260406 0.04604204906721202 0.04629491013217109
5 0.8192258909475547 0.4605188652436501 0.07090446958145226 0.07016939671017411
4 0.43303776870545596 0.48376852020795613 0.08708384900048298 0.08924882597615226
5 0.06534062900020009 0.5154904133683591 0.03523996168043857 0.05511185158233545
5 0.6316774664224678 0.5586821542642646 0.03882243985149222 0.06433639128168495
27 0.29537007307550467 0.5387548617832756 0.10931043396655063 0.1560143334030185
5 0.45231327764999996 0.5604982338417568 0.04984037512422987 0.04955185777139052
27 0.1314768388420379 0.5392597016435389 0.10160631851094674 0.12915179246585795
5 0.40365061334014957 0.5666677058493482 0.04093341538887484 0.06927015356283306
27 0.9591346153846154 0.6117788461538461 0.07692307692307693 0.12740384615384615
5 0.5712570801459537 0.5867636515947183 0.05812216105857988 0.08542882178547427
4 0.9025561536047947 0.6218957108308546 0.07158153264758536 0.11807822648915607
27 0.7466142445267925 0.6157773387723734 0.1221688440170943 0.18862171478221512
5 0.18150977079251646 0.5918163671072371 0.04343757533293591 0.061667770185259346
4 0.7996012361785503 0.11693695854159122 0.054531612133344856 0.09475004312946177
27 0.5146573897833449 0.6557945801895273 0.09977922163301865 0.18466300562241356
4 0.13905550704205527 0.6761948857637992 0.04868411296390968 0.0781878949951178
5 0.5043132729079708 0.10227109827944753 0.0481449538504133 0.0697744334566564
5 0.07545780263793073 0.0758722138277249 0.03539400714143752 0.057515697736181516
5 0.05324069068915761 0.7001075573120248 0.020254434584149824 0.05466223000866485
4 0.7420966592270796 0.7506701333260047 0.07293842238833512 0.073901235914399
27 0.8684526277650017 0.7618988776217605 0.1339032749240429 0.17568208921179063
5 0.25802975014907753 0.7216070260985592 0.05187432793111292 0.053283696975615684
4 0.6464049494562303 0.7511579398698982 0.04906922661640705 0.08419751037973319
5 0.5545500771076488 0.7555036555914723 0.04092626583752171 0.04115103122859655
5 0.1068618480989297 0.08046127285480575 0.03896933576113815 0.03862111510129456
27 0.6813810788681605 0.12063557106273602 0.08069626951472322 0.11093809968092053
5 0.5179066435670291 0.7625135940887694 0.046966321833205774 0.06071798705524801
4 0.30747694086662886 0.7836950295286715 0.07989560159865992 0.07977214632989114
4 0.4508429162904281 0.10810438369115669 0.06992554394184648 0.09223688033530988
4 0.0782947468268186 0.773651734959909 0.063546035210268 0.09538039299674111
4 0.9831730769230769 0.8377403846153846 0.028846153846153848 0.06490384615384616
4 0.9389486926342412 0.8350310586997569 0.06880064359542278 0.09335475676326237
27 0.22267956151858678 0.786141178990223 0.12130637367606599 0.16582719964516185
27 0.4003939899338409 0.8332677589706947 0.1508385825453621 0.15054250457852666
5 0.11479843400914544 0.8204761949772388 0.041711713448050795 0.06274362328872649
4 0.5287221088536808 0.8565997806846516 0.06406282446687697 0.06610137091006671
5 0.04625697575034805 0.0869922014496146 0.038892313030638705 0.03741919202437149
4 0.8060116665814827 0.8891516637940354 0.08692980353948397 0.08684497982230638
4 0.906973205043021 0.896211582307563 0.05273679827214131 0.07607821211266898
5 0.6688688309623215 0.8963132222393436 0.04516343721782116 0.06059191708179221
27 0.9627403846153846 0.9254807692307693 0.06971153846153846 0.14423076923076922
5 0.724880937686347 0.9301433983660959 0.04136511116080317 0.057334969442572915
27 0.5826227589800383 0.1292846991981791 0.15027613237215 0.15110144279250295
5 0.2744212926427601 0.9213783968147017 0.041311379490019076 0.04716064661321194
27 0.2835749810176906 0.11196285283527753 0.11898047145554727 0.12019614604657029
27 0.125 0.9290865384615384 0.13942307692307693 0.13701923076923078
4 0.5829326923076923 0.9663461538461539 0.055288461538461536 0.0625
5 0.40384615384615385 0.9711538461538461 0.04807692307692308 0.052884615384615384
4 0.9639423076923077 0.9819711538461539 0.0673076923076923 0.03125
4 0.2848557692307692 0.9735576923076923 0.06009615384615385 0.04807692307692308
4 0.17566341289718063 0.12715114624049456 0.09344006667234599 0.09507771306715898
5 0.6348750510122956 0.16045888922417362 0.03503218454865557 0.042533682599128333
27 0.8714532695857117 0.19255703242240443 0.13458932994718473 0.15838027456986187