22 0.3281481890592548 0.39783653846153844 0.11310306224169588 0.1045673076923077
22 0.5390488226265021 0.41947115384615385 0.0898984545508803 0.14423076923076922
22 0.42577351866587804 0.47475961538461536 0.09755169592415956 0.0907451923076923
22 0.5792024480390846 0.5432692307692307 0.0706922629419461 0.12980769230769232
22 0.5378952613289176 0.6262019230769231 0.10135368939744346 0.09314903846153846
22 0.12119562613372131 0.7043269230769231 0.10585475653044625 0.0967548076923077
22 0.7623847212394304 0.7259615384615384 0.10330374219471412 0.09495192307692307
22 0.328024309119665 0.7644230769230769 0.11705222389686572 0.10877403846153846
22 0.718035860404203 0.8305288461538461 0.09932990373466775 0.1346153846153846
22 0.6491601594511395 0.28125 0.1066519423114224 0.09915865384615384
22 0.5367680629479141 0.28846153846153844 0.07575752436369908 0.12560096153846154
22 0.47493027017488043 0.3112980769230769 0.07232350093665091 0.11298076923076923
22 0.5929149559558566 0.3137019230769231 0.07433479942242645 0.13762019230769232