28 0.08325320173157849 0.15789751432104693 0.16650640346315698 0.22266650981944464
28 0.8756486269759935 0.20179409267868514 0.15435747786836737 0.2245668047107907
28 0.3587377597416384 0.21622721899225394 0.18491685333895777 0.2571031554676551
28 0.18602331816731757 0.24426611556057676 0.1721993644373965 0.27121850661920416
28 0.694547428736085 0.2636546858216874 0.2668155108845914 0.2638131525447919
28 0.8495497040416354 0.36452928425566167 0.11662090241203334 0.1756506295297009
28 0.549893109179345 0.382312384412553 0.26619356330677163 0.2631982034712609
28 0.07495896110502173 0.46086605491607896 0.14991792221004346 0.30842217186354187
28 0.2703868397407661 0.4764870351598823 0.25004391232282114 0.24781048909791686
28 0.7780982136080866 0.5535399380431617 0.192738901711284 0.326339620206357
28 0.41133995729287354 0.6701614861481834 0.27496378751431955 0.27361037511607916
28 0.050217448142041585 0.7197271175767627 0.10043489628408317 0.17593038023109003
28 0.11514794821936193 0.7262942244860575 0.17414532178947678 0.1721857405886754
28 0.5991871715896335 0.7246356558354695 0.30413236555376477 0.3007100969566508
28 0.8771519117827504 0.7433858241786317 0.195222862483752 0.22551795709551298
28 0.2509919607845435 0.7567589126440702 0.17315900341434962 0.3330895700106039
28 0.2409683949478295 0.08212390721838267 0.14813608732076647 0.16424781443676534
28 0.750946159167017 0.8496046659481831 0.20560137811894647 0.2647902701215547
28 0.009790849215095229 0.902084729366453 0.019581698430190458 0.1916098229627938
28 0.12331718541374846 0.9050450621059294 0.19611571380382048 0.18230467646655987
28 0.509008576869908 0.899670833822115 0.19346003517767804 0.17503718786474373
28 0.3414795763117239 0.9167805224175746 0.18304718106668866 0.1519768488420943
28 0.506047757924521 0.09726432738038844 0.1844189072278811 0.19452865476077688