18 0.49113250467328295 0.1935096153846154 0.1772760457179326 0.171875
18 0.6394460032065401 0.24158653846153846 0.18932009206533187 0.27584134615384615
18 0.2082494231421677 0.25 0.14621492007215478 0.17728365384615385
18 0.39559680203314573 0.2800480769230769 0.14475544568941956 0.20432692307692307
18 0.07848753245200189 0.3545673076923077 0.13934679184326576 0.20432692307692307
18 0.8399763934037663 0.3737980769230769 0.18283160183959252 0.17608173076923078
18 0.21473982813731218 0.4014423076923077 0.19780031578597812 0.19170673076923078
18 0.6021101027421134 0.44591346153846156 0.21892554739248518 0.21153846153846154
18 0.410599879930026 0.46875 0.19129658382909653 0.24639423076923078
18 0.7737370998086277 0.5420673076923077 0.19719935424751667 0.19170673076923078
18 0.9098557692307693 0.59375 0.17548076923076922 0.1778846153846154
18 0.20036638237057222 0.609375 0.18034764106712484 0.2770432692307692
18 0.6482105595299716 0.6646634615384616 0.19155985396842448 0.18509615384615385
18 0.3360616033655423 0.7091346153846154 0.2033768579469961 0.19651442307692307
18 0.49534503070012903 0.7271634615384616 0.1781345840369061 0.33413461538461536
18 0.807455844324653 0.7848557692307693 0.20584366221891634 0.19831730769230768
18 0.36231304551012306 0.08413461538461539 0.15791936025101527 0.16826923076923078
18 0.7418575695772867 0.9026442307692307 0.19174872832264683 0.19050480769230768
18 0.21721612983215904 0.09375 0.1561870673566258 0.1875