6 0.33059849926172113 0.36906828019150617 0.5550624804213887 0.5337757958248937
14 0.9314903846153846 0.4110576923076923 0.13221153846153846 0.7548076923076923
14 0.6844689175682214 0.5377780775096148 0.5807839065366167 0.3639559585410528
6 0.35170088501292196 0.7922850786191238 0.42445596260328927 0.4059223386707268
14 0.16842283608768702 0.8061806489657584 0.25119639585995474 0.28667716360694473
14 0.8341346153846154 0.8137019230769231 0.3269230769230769 0.3389423076923077
6 0.6766195285373564 0.84731573489204 0.3604021300934214 0.2772176517554223
14 0.8260882835846328 0.12924216127061938 0.3156381056308041 0.25848432254123876
6 0.12481182911662024 0.1632077529521901 0.24531038532526972 0.26973834024946597
14 0.6300816578073094 0.15866976195539478 0.22088058178578568 0.18816093143493612
14 0.6988652386915419 0.33040388166565116 0.24175926896811253 0.23305171133317323