27 0.5774781059741424 0.26337737952298595 0.35107640207971996 0.36000924593864553
27 0.04355779711586046 0.2689948225354092 0.08711559423172092 0.4682781066092799
4 0.1871255096900331 0.3206803536596547 0.14354975994104255 0.22636454516764049
4 0.392727567582494 0.38090770476596475 0.18398187993557627 0.18692948404516926
4 0.6861534434482385 0.5382921605665463 0.1752219727407966 0.1796813731289068
4 0.8204896531344648 0.7149956230660847 0.1739570595445428 0.17838837376724279
4 0.5783991937182816 0.706304674448571 0.12386700805386233 0.12491105282767406
4 0.30968767787108337 0.7450710462900877 0.10149522927284006 0.16631321975971886
4 0.2158116976324222 0.7403709422341523 0.1960930404789819 0.2010158625963605
4 0.6024785417338799 0.8915471181136206 0.16001151932608748 0.16356441925047868
4 0.34375 0.9146634615384616 0.18269230769230768 0.1658653846153846
4 0.10576923076923077 0.9074519230769231 0.15865384615384615 0.18028846153846154
4 0.8426366210906179 0.1772806262577653 0.11710745224873492 0.2243608669033432