2 0.14403355315784008 0.2941652722269492 0.19315333905104845 0.18280297733394268
2 0.8141669142309601 0.3286664935010946 0.15410322704500765 0.14551493412739638
2 0.7306699284514762 0.3644155744207681 0.10465283345352325 0.09844366914269423
2 0.583520174838739 0.3702485395816205 0.1489030862522857 0.14062332323831844
2 0.20719556201872344 0.376882084789 0.13083707611656276 0.2501272427564856
2 0.47490549418696254 0.3923568737482119 0.22165600128976018 0.2085049141469485
2 0.4015636088728198 0.40547921265981113 0.129708687539062 0.26571028346579284
2 0.37993018368470177 0.05223970591650494 0.08738440583094204 0.09274130026169046
2 0.1722918277407815 0.052215996502344306 0.0993913477892553 0.10015214535401988
2 0.5527357610910248 0.5077354058406498 0.10132911177560845 0.10918754807628926
2 0.2671686293896191 0.5087518656328184 0.19913857517991176 0.1384996606505602
2 0.8922667415108764 0.5208632042898775 0.17925768916701082 0.16695769105780534
2 0.7507111641045535 0.06591297514473933 0.126422328209107 0.10782523601317948
2 0.11989618603378958 0.5277850049944782 0.12878901038107624 0.21768580950223565
2 0.7545605275267614 0.5688683753697696 0.15575894347850622 0.1437435189800314
2 0.6497478403482689 0.5934434946262465 0.21380673404004907 0.20056653627486995
2 0.5209948037525722 0.6188009440527178 0.14770106399232136 0.1700074996868946
2 0.056882634734331056 0.06460404782681893 0.08907679033111036 0.12817705138557484
2 0.8562595930094345 0.07975743505910823 0.13679803217271533 0.13201055506906595
2 0.2834800175062547 0.6350586869364735 0.21806262005295002 0.17183577047812137
2 0.866682468555884 0.6632416814379847 0.1615475586326887 0.21465698051849294
2 0.7587791503747439 0.6793613798653071 0.19240520933070115 0.1809896028958849
2 0.3981774513099029 0.7462798957269581 0.1742534750676795 0.25268539460434114
2 0.1401564382564707 0.7465769642851711 0.11771413357470764 0.22169323364067578
2 0.6324051839449754 0.7779731980480471 0.1890570092139926 0.17673042301328798
2 0.2082979844118089 0.7873733266723391 0.14892706877587217 0.30265216252412314
2 0.0805752242723557 0.7959458123125802 0.049143173318546084 0.2270974809563335
2 0.8954326923076923 0.8161057692307693 0.20432692307692307 0.24759615384615385
2 0.6139371144554246 0.09593125936147823 0.11304151900406668 0.17180293612569464
2 0.2837981380275301 0.8595036076408926 0.2111576075830596 0.19751976929186937
2 0.8073949958372921 0.8926472352596984 0.19760535012342254 0.18588121378496297
2 0.5870260466535047 0.8984023651313426 0.17839905933144706 0.20054859827561208
2 0.647075822381149 0.10491117132429298 0.13069010630075958 0.18951404595325586
2 0.47880659161191824 0.10197402097579482 0.13750929546031024 0.1554270754237195
2 0.3641826923076923 0.9194711538461539 0.17067307692307693 0.15625
2 0.2886082107282172 0.15386377996813708 0.17615476935344587 0.16570331886751624
2 0.8606009056005094 0.17705026535383822 0.12275521410679165 0.11436238417754392
2 0.4003379016383933 0.1846190815408147 0.15215317424773686 0.14368058004399215
2 0.7636130072329345 0.1945607036662014 0.1199584235527087 0.2565385130487716
2 0.6903446564182141 0.22328706293245418 0.10820875315933219 0.33314689529165226
2 0.5808223890532866 0.2489801866844683 0.1540051149237501 0.1443130110504733