22 0.325327310525516 0.378842385446623 0.14985281808717207 0.2911916383474865
22 0.7668198063348378 0.4231762363389967 0.2361226663287919 0.18749430664118394
22 0.08816962448905742 0.45217873893418364 0.17633924897811484 0.18842913003996864
22 0.1747765692720242 0.5675671838576094 0.19129005589542053 0.1979185984192052
22 0.5662925757444002 0.6029266689823709 0.2526930511381007 0.244425398083087
22 0.7532042492016061 0.6178877748005351 0.23340350524969614 0.22576697074850025
22 0.3892720169415059 0.08468030335732363 0.16857135073237284 0.14736723746744074
22 0.0846525102153762 0.707070375399308 0.1693050204307524 0.2052007286017386
22 0.5026164826252522 0.7898657647532202 0.21585366899833816 0.24913387902750508
22 0.4026442307692308 0.9026442307692307 0.18990384615384615 0.18990384615384615
22 0.20747071572157416 0.10001910693453257 0.18531834549780793 0.17253131152831436
22 0.6177884615384616 0.9254807692307693 0.20192307692307693 0.14423076923076922
22 0.545236370328294 0.12868215620937976 0.14643657379141656 0.16517858962478563