21 0.3703965063851038 0.20170790953224643 0.15461193332910397 0.15111445760380937
21 0.5756234628583535 0.25459332627201126 0.10125981505147025 0.17604017594336108
21 0.8339320072276859 0.25970250104287107 0.14782649445747828 0.14506638300770328
21 0.4960167606637525 0.26374720034950755 0.07218814721753529 0.10617130434390618
21 0.7374762713932432 0.3108327792218789 0.14719056052930696 0.14386096363882656
21 0.4368206402139253 0.31509424862964475 0.07120711376033001 0.13440600777573736
21 0.9533107012205423 0.37099266767834876 0.06982570436679471 0.08693004623727582
21 0.2778649043794828 0.36586091244546787 0.1024203348252879 0.19527444146608408
21 0.6665885335083647 0.3921649711699264 0.1663974126518255 0.16380107945862193
21 0.8070386715598159 0.39899271887170745 0.13333809712304537 0.1840379794169071
21 0.579630403293386 0.40608458205167075 0.09633615029318963 0.15137627882276222
21 0.9110464210167675 0.4188318429024203 0.1535149274213101 0.15471323425067113
21 0.9586465924645453 0.47681084653493133 0.05271900217219365 0.07721676544718757
21 0.21812208752109097 0.4773111071556663 0.1243254805914545 0.12209698545192428
21 0.8218134949347882 0.05647261228426011 0.09027588286934164 0.08764988170216315
21 0.7471559651425851 0.5152506058895981 0.10029807433445206 0.14298729132797647
21 0.8408360203631655 0.5181998735882214 0.10324579907413177 0.0997425346024216
21 0.6719023141894495 0.5400574503027241 0.131676908611832 0.12694663326306108
21 0.5467624246306104 0.544137913884047 0.14448301814953213 0.1540598283329041
21 0.39702451529795374 0.5673092950179911 0.10897664661846794 0.25539856564786756
21 0.9140817927401871 0.06662642586051438 0.10884680106368914 0.10638457815308182
21 0.2657958168389529 0.6567053193091303 0.15136513673155919 0.24603141776119547
21 0.6010624105210719 0.6610600963731407 0.11163353695901043 0.18150826675272766
21 0.3309131104217221 0.7736904350533904 0.15221090499798906 0.2544483755916109
21 0.19591346153846154 0.8846153846153846 0.13221153846153846 0.22596153846153846
21 0.45913461538461536 0.9411057692307693 0.11538461538461539 0.11298076923076923
21 0.26602573918533184 0.938004267396482 0.13337487605808734 0.12335135290815284
21 0.6654714395924504 0.10004172280635958 0.12863712852981463 0.12572722872636938
21 0.7784172364335098 0.1019009487705781 0.14720804672416185 0.1444619251772881
21 0.4945535559414052 0.10746223742997058 0.15213814239583826 0.14869662628214841