21 0.18660122877346733 0.33587995164379786 0.07331196552998841 0.656729147896886
21 0.2742157355167735 0.34717806419666525 0.12944265452839523 0.6731543549972108
21 0.10320363074479069 0.3438126083216997 0.20640726148958138 0.3751252166433993
21 0.5071370566956934 0.37246135171861616 0.11553357891630557 0.7019297047777721
21 0.15863894980067716 0.35720501749621464 0.31727789960135433 0.4355638811462754
21 0.40010296391350025 0.37108485938598446 0.13669311063453796 0.7101209014118894
21 0.8795443937337294 0.40063260418232066 0.22997746378369535 0.3782008284012996
21 0.34814753621630457 0.38430269930479066 0.18893847059063654 0.19434609753681156
21 0.7613782985790325 0.41678113380049453 0.12863189653646964 0.6611071339944777
21 0.6382366739538718 0.442321126166035 0.35525324081928744 0.36542097951096275
21 0.8448205856672163 0.4603632280292715 0.29690752247515206 0.35970111916893655