14 0.22134796099986132 0.1893489099755901 0.17328266210275986 0.3786978199511802
14 0.881734342530491 0.24244961209030874 0.23060477133622143 0.40035306731305237
14 0.7360638943225891 0.26497388834146257 0.21050857648237445 0.5299477766829251
14 0.15432082358125912 0.3440498797528687 0.30864164716251824 0.4417079328019549
14 0.49271516507126134 0.41657622410849093 0.4614373585234587 0.4587834932851653
14 0.23233057019049255 0.4841923914632582 0.357862610322899 0.49183248093102144
14 0.8795788696567872 0.634262549999417 0.22462228516866936 0.2993635585158842
14 0.5413341598932917 0.782855088878104 0.4472306380061512 0.42565019395484566
14 0.1888252676516802 0.7945542634978933 0.3776505353033604 0.39646839608113665
14 0.7285675906453903 0.9079591762815654 0.2520139323311878 0.17453138052966194
14 0.04534803891447828 0.9372063114758894 0.09069607782895656 0.11116430012514436
14 0.4554580758825881 0.10839603825296423 0.24293000208097768 0.21679207650592847