14 0.12018706118246819 0.2570612980769231 0.24037412236493638 0.5141225961538461
14 0.259199442417635 0.2768435628531674 0.43234897388375776 0.5536871257063348
14 0.3280295672261365 0.29077958999914727 0.316550331070798 0.32489074645057864
14 0.5643047484353901 0.29002918901382707 0.24192811034888215 0.5575569472768839
14 0.7139994960274663 0.29602634770139236 0.44653737483508604 0.45854058332623554
14 0.8749312720990106 0.2893110710452315 0.23189869830515328 0.32186449010421164
14 0.7899991872187903 0.31753920064173347 0.40377752784396365 0.4360130569895232
14 0.4791589736227793 0.42740125041883054 0.13986000516018463 0.29617903181702054
14 0.12662925199230474 0.47590249964505743 0.2532585039846095 0.3462719237868082
14 0.9113629345257362 0.03352331182383401 0.1724664386408351 0.06704662364766802
14 0.4777967703592132 0.603775851804525 0.4888049945486476 0.39828946281625477
14 0.8627326643984842 0.6042919399295772 0.23346310288467828 0.29798007402674903
14 0.2397396650992332 0.7929200849447704 0.44338375009786696 0.40257413751881305
14 0.2625190661750128 0.08648720815763683 0.38421667534228204 0.17297441631527366
14 0.7383393192957617 0.8353208370957189 0.46520149552848866 0.25466772587812814
14 0.5952266308832828 0.11255460067580929 0.1316621228488191 0.22510920135161858