10 0.20058849195640535 0.1271957169576927 0.11873733126621416 0.12176853730163796
10 0.34152978186565625 0.15225739367763597 0.1331246997658087 0.10745797034740004
10 0.05740863182174538 0.19520789037913117 0.1056100365015326 0.1816996038571223
10 0.6916546617719798 0.16526176795269815 0.3270607711604915 0.3305235359053963
10 0.167612110090076 0.2651760501702282 0.1483446366771761 0.11358009570085442
10 0.2890022507158646 0.3136599712170233 0.12970156279589357 0.12632069832535586
10 0.40480110523464535 0.34333374160769303 0.5339609064631399 0.3922341910756757
10 0.8476699605138746 0.3480112181533492 0.16444915744314306 0.27367614054244993
10 0.1379700920142801 0.42578261255698024 0.11990354591965485 0.1063012692671294
10 0.15734988370856645 0.04481726537913115 0.11638450479654636 0.0896345307582623
10 0.15510103457012753 0.6389888377436612 0.2680839024270422 0.28933001682036985
10 0.617200659080126 0.6419838399907418 0.47348926273667263 0.49532987877952195
10 0.41702839777518275 0.8802326710646731 0.703971830359396 0.2292589240925912