10 0.7094473443372054 0.2610404899496522 0.10884680106368941 0.11440309743987626
10 0.40643570122054223 0.33133970930832024 0.09896912352548143 0.10460377739289448
15 0.23121260054453271 0.39544198330316155 0.3987351973314643 0.7908839666063231
10 0.5350193598883931 0.36281090790483567 0.10450018073561938 0.10925201270778337
15 0.8797871722806405 0.4233988125537736 0.22999383930115186 0.7957704947630441
10 0.6865259767146579 0.5542851430970479 0.11939538491977796 0.12665531970133267
15 0.8898334968634671 0.03642695173346688 0.21552531396537342 0.07285390346693375
15 0.573361096799213 0.6522537659450305 0.5825952509789187 0.6129175398814355
10 0.4724473925541757 0.7000605335478507 0.13979310483776047 0.12712130268578428
15 0.3473465204946423 0.07243469533315748 0.18992234362609997 0.14486939066631496
10 0.4638410036138429 0.08923823098474289 0.11257497365844261 0.11890416457287903
10 0.8283513092557144 0.08946022304559001 0.1107371166533482 0.11755507331406992
15 0.5430187883958001 0.2019972065207479 0.46684703859301524 0.4039944130414958