5 0.5069851320324266 0.10106830700363426 0.04866766299610043 0.04728900195364456
15 0.9153972393282346 0.1371946253135168 0.15495186654107257 0.15237715656579218
5 0.6086600050451698 0.17549976407662252 0.0578736118358362 0.03981227858337291
5 0.11197637772749654 0.3128166798850757 0.05126047950793833 0.05097871534184588
5 0.5973115619463815 0.34625678515713154 0.05708367993938305 0.03618552331324569
5 0.05740636154988181 0.4154990735739719 0.05309485918298824 0.051642634998381384
15 0.3160973376138761 0.5156402162564425 0.20527771587833663 0.1397378929881471
15 0.486334594511281 0.5408882090000483 0.20295557787938115 0.19844324940315572
15 0.36413682461967906 0.6291360880988359 0.21110091630978134 0.12494470095954678
5 0.03425832289770702 0.7198374445078066 0.05894955467409821 0.03745040450824287
5 0.021166502497156753 0.7806051516134171 0.04233300499431351 0.04051817031862452
5 0.3013048811904743 0.8436812720990103 0.060878419528143955 0.039917208780162985