14 0.12468371009074912 0.21728150767517562 0.24936742018149824 0.29139852311118725
14 0.3833624954087076 0.32110589225384867 0.5472187644914245 0.5307581410970246
14 0.5512664616562303 0.3575954553077658 0.3552702014902772 0.6552673805574455
14 0.8189831080442678 0.4505885465529423 0.35408049528925617 0.8324531349152777
14 0.43624173578575215 0.5104503127601426 0.8724834715715043 0.22488565088988957
14 0.1682508786781654 0.0886206379449652 0.2404213195667461 0.1772412758899304
14 0.22327485697635893 0.7124030450962253 0.44654971395271786 0.2428551862177244
14 0.7449475417388705 0.7049355547667181 0.4670970264979322 0.4955872739068505
14 0.5269893158250702 0.8059826912060175 0.30835341140605593 0.37360480414237596
14 0.08524068786276948 0.8786328984478329 0.17048137572553895 0.21869574156587282
14 0.229459293772061 0.9139624953483932 0.21329336730003726 0.1634632225921665
14 0.34376227043032653 0.17259888508056165 0.36089216367310123 0.23305714620157122