22 0.8194004860941286 0.3774255148216658 0.12282076617048869 0.13179485860497336
22 0.24461889640356677 0.04153287910705599 0.09848860616706236 0.08306575821411198
22 0.6610255106987446 0.468683431199632 0.0719632266929361 0.19879203989958108
22 0.7278157342824512 0.5080543131003018 0.11491036668216709 0.12278940121569668
22 0.6110333968442693 0.5337156357970814 0.08284304873793612 0.15338322614308014
22 0.5482956409440597 0.5588842949112945 0.08518438053908967 0.1997938790317298
22 0.6347633322112631 0.6616107261252171 0.10401613796332097 0.11535913772995282
22 0.5215308214390955 0.6918065122754664 0.1003828184828312 0.16431921688720627
22 0.8347012901508439 0.7137086788811978 0.07356331951108294 0.18150076971130766
22 0.46165759578664844 0.7804038656123804 0.1222058189908384 0.13054739738568016
22 0.787336792709236 0.7593279616783962 0.06658254412915945 0.20078604277209366
22 0.6207721260344111 0.8319926428187787 0.08134826926136213 0.23132607357359858
22 0.23245307269993562 0.8698237443285148 0.10361796822209708 0.13274148420296683
22 0.7260099024384673 0.8696510066846663 0.12280678052930008 0.1305929355280503
22 0.17036370868629516 0.2200580919204035 0.06117389028300575 0.2003761994907602