5 0.7798154742911172 0.15520059613329956 0.043805906434539126 0.04413729198583075
5 0.7472921343672294 0.1875418701799167 0.045032316817691015 0.04478022560300833
15 0.7040045515069333 0.2778692564698538 0.1274538165249517 0.1676797323725008
5 0.7423191661311002 0.28013191918170965 0.04443135527922948 0.04475923956365035
5 0.7680268546365495 0.29723737960380286 0.03695045644917627 0.03789683016827716
15 0.39128621082259696 0.3235957940880781 0.12973522614765487 0.1647588688376252
5 0.7468595431419989 0.31597975109582177 0.042506034132701626 0.04169147375326855
2 0.9297253070496279 0.3347984076676518 0.03468231301544778 0.026415602819433833
15 0.5725847871315948 0.38087598912144666 0.15453483925092443 0.15482297479835433
15 0.06647722252206498 0.40095008041474683 0.11180228414700204 0.19593827711663003
15 0.22900824334691622 0.41807841617090347 0.15823855770660808 0.15735273718834855
15 0.8769202887988616 0.42305772443347106 0.1632911230765866 0.1635302408878281
5 0.7520161393976306 0.042151149950940416 0.054365074875585916 0.05290751619337863