10 0.23579673311085833 0.2960849463753306 0.28145762040605915 0.27689176730698317
10 0.575622049894482 0.32862266406849105 0.5453157095760541 0.5359168046753001
10 0.16652660001193642 0.32631935177613125 0.33305320002387284 0.6526387035522625
10 0.21963162052873575 0.4349384235738426 0.36048990957008586 0.3662487080600287
10 0.6237980769230769 0.5384615384615384 0.7475961538461539 0.875
10 0.2533338284619204 0.6427475110316045 0.41957986866662406 0.5188920176264313
10 0.1513174359223034 0.6672965334781501 0.21197927180282938 0.22401614387937696
10 0.369061737087895 0.6836414938524017 0.2586211811275621 0.24613526550387657
10 0.34522148345277714 0.09864348692392967 0.16320347343227035 0.16110866036999216
10 0.47296644082107064 0.7847552353692829 0.3223596730881135 0.31657759870233204
10 0.20192307692307693 0.8798076923076923 0.21634615384615385 0.23557692307692307
10 0.2764423076923077 0.8894230769230769 0.25 0.21634615384615385
10 0.12173692891234131 0.21703751601499302 0.24347385782468262 0.43407503202998604