27 0.6016830443263665 0.1844480167544569 0.3530297810581615 0.35416170008764464
27 0.10681704833036819 0.2603046923945688 0.198793238603481 0.28708292290317006
4 0.22090602804973053 0.2934577775211211 0.14481226700071756 0.22404659906454108
4 0.4314288701126986 0.3258182311601751 0.18499539254737102 0.18386347351788773
4 0.7397500926567347 0.44293260391558875 0.17619690874799004 0.17676286826273155
4 0.8924394973572849 0.6004675068856271 0.17492498162362716 0.17549094113836852
4 0.6514129912752655 0.6241537050364284 0.0917182002613978 0.15567162542719806
4 0.3892181895998198 0.6985188302898736 0.10242457474732311 0.1646801213688987
4 0.2956081976946996 0.7063829921440307 0.19718370629997886 0.1977496658147205
4 0.695707452639974 0.8048858994004194 0.16089878123191453 0.16089878123191453
4 0.44270801129527365 0.871479453812807 0.1438612852250566 0.2180019816562058
4 0.20535727849146335 0.8961575628982117 0.15805120225253894 0.1942726111960012
4 0.8551380727670413 0.0743885145352648 0.17043823466463665 0.1487770290705296