8 0.35240015431386335 0.11369105629695782 0.13523978414700202 0.19601476561692632
8 0.08961977197982449 0.13216731733570178 0.17590927031255774 0.1923961345593657
8 0.2206783619768971 0.1295572499342616 0.150924979876713 0.21267788202675975
8 0.7401947985955253 0.23958906713848657 0.11387452913090138 0.2019958395252276
8 0.9519230769230769 0.23798076923076922 0.09134615384615384 0.19230769230769232
8 0.8531980100608021 0.2663847118185563 0.1343674171683046 0.21879884549390013
8 0.4946555784725749 0.2972741486494653 0.16636939268758005 0.16450709706216657
8 0.6601516084228093 0.31291562356692115 0.09714760035061386 0.17449792922823162
8 0.3609217368814204 0.32282567168157317 0.17885388227515442 0.17627509019003335
8 0.22530032763894153 0.33158524402646783 0.19136285916895746 0.18864404485636166
8 0.09710879754233763 0.37502572365358283 0.17110157800486545 0.19225624500052668
8 0.9435096153846154 0.41947115384615385 0.10817307692307693 0.18990384615384615
8 0.7160685596363303 0.4448602447375731 0.19013644878580585 0.18800811092819047
8 0.8453109988290435 0.45674319903862926 0.15513580078938596 0.15397599940093265
8 0.5092847256496618 0.5086377482393781 0.17825292073669302 0.1762576039951786
8 0.37228793711493857 0.5427076499790768 0.18445843457113723 0.18124015825141954
8 0.24191499169226705 0.5621446404574401 0.1832320241879855 0.1806042243232482
8 0.10337345779342016 0.5878360530483869 0.15659177297412782 0.20443928243684711
8 0.9068641206185876 0.6679447985067847 0.12454695805755843 0.16929267880694054
8 0.7814457913409801 0.6908476686570781 0.07327137391021993 0.13358651694167797
8 0.9603365384615384 0.6947115384615384 0.07451923076923077 0.14423076923076922
8 0.6996129827418542 0.7497861205521457 0.16641836730003726 0.1657090201390895
8 0.497516449603456 0.7809368390284788 0.1784355529975469 0.19547088703109294
8 0.12580183878153217 0.8134128952231182 0.17526342430508116 0.13235243929777651
8 0.29887876185845524 0.8083768711049134 0.17051388265537876 0.17783316807744962
8 0.7812683520910654 0.07636586768163664 0.16370740728247313 0.15273173536327328
8 0.6622779674756808 0.0701489829621442 0.14380425966627733 0.1402979659242884
8 0.9199485224315508 0.8709299089479458 0.13517754334556997 0.20921843326822545
8 0.7902877539612303 0.8783126962673684 0.12582029798144626 0.20054267880694054
8 0.9711538461538461 0.8822115384615384 0.052884615384615384 0.125
8 0.6938625023671482 0.903981998295397 0.12133707586988916 0.1199788602633846
8 0.1278057077488362 0.9216559169256145 0.17141073694030473 0.15565004973893737
8 0.3901187861928103 0.9212434744304265 0.18336977197982443 0.13979129829242828
8 0.9211811751387144 0.07427760511299562 0.15130964580255907 0.14846242838564955
8 0.4900336128105305 0.09791175118534487 0.1468539518276001 0.19582350237068974