8 0.6374476367371507 0.1622596153846154 0.10451758834775596 0.20372596153846154
8 0.4921618019468833 0.17067307692307693 0.12106736950467975 0.11899038461538461
8 0.9411057692307693 0.1778846153846154 0.11298076923076923 0.1346153846153846
8 0.7399677522465014 0.18269230769230768 0.14795024974926216 0.14423076923076922
8 0.07568192432427523 0.20432692307692307 0.14725183816065307 0.17307692307692307
8 0.2887160239745097 0.22115384615384615 0.10215874313069119 0.171875
8 0.1795298407826274 0.23197115384615385 0.11676623033139008 0.11358173076923077
8 0.4093489042190921 0.24639423076923078 0.10640302666011901 0.10516826923076923
8 0.9076793456523705 0.28846153846153844 0.14735977803347403 0.14483173076923078
8 0.5868498026952946 0.2932692307692308 0.10069593937134513 0.26021634615384615
8 0.6979721965512244 0.3245192307692308 0.1571115303436103 0.15264423076923078
8 0.48767761738037885 0.3269230769230769 0.11051975555578672 0.16887019230769232
8 0.36997307442330296 0.3317307692307692 0.13516222027879854 0.1346153846153846
8 0.22247221028730715 0.35096153846153844 0.10465395604250761 0.21153846153846154
8 0.816264169578 0.35336538461538464 0.11444766764333664 0.22175480769230768
8 0.11353778283958185 0.3762019230769231 0.1190770329655845 0.21153846153846154
8 0.953125 0.45552884615384615 0.0889423076923077 0.18990384615384615
8 0.30874674949725683 0.4735576923076923 0.10834668550075116 0.18209134615384615
8 0.7621235052414139 0.4879807692307692 0.10269372408702483 0.20252403846153846
8 0.4256060233482988 0.4891826923076923 0.14063381306099168 0.13822115384615385
8 0.6287520029936451 0.49038461538461536 0.10417142419953998 0.18389423076923078
8 0.535190819801763 0.5012019230769231 0.10281215378251875 0.17487980769230768
8 0.06772666146007164 0.5060096153846154 0.12043189685210987 0.15144230769230768
8 0.1782826048916483 0.5048076923076923 0.15040654501647432 0.14723557692307693
8 0.7845769505490884 0.052884615384615384 0.08958659340586905 0.10576923076923077
8 0.8784102453759252 0.5396634615384616 0.15530864572822567 0.15264423076923078
8 0.08754548451508946 0.057692307692307696 0.1130870323419084 0.109375
8 0.7091637843364045 0.6213942307692307 0.16446992632257354 0.16105769230769232
8 0.36431675948621345 0.6274038461538461 0.11411199331779406 0.20252403846153846
8 0.25510959664898475 0.6370192307692307 0.1424891467897423 0.14122596153846154
8 0.10248634552510041 0.6382211538461539 0.13943188998406855 0.13822115384615385
8 0.591983732512989 0.65625 0.10404554632746145 0.17668269230769232
8 0.26679986013939927 0.0673076923076923 0.09114517045368128 0.12620192307692307
8 0.4863823389065295 0.6658653846153846 0.1577649409954377 0.15564903846153846
8 0.826610488257146 0.6706730769230769 0.14372253933468487 0.14302884615384615
8 0.9170612244001303 0.06850961538461539 0.12351317494921879 0.12139423076923077
8 0.9483173076923077 0.7247596153846154 0.0985576923076923 0.2091346153846154
8 0.45927538960986286 0.07692307692307693 0.12351317494921879 0.12139423076923077
8 0.18544883053913075 0.7776442307692307 0.16080121815576504 0.15745192307692307
8 0.17808832854590215 0.08052884615384616 0.10061065590555231 0.15204326923076922
8 0.4287617832112527 0.8076923076923077 0.13068411900447158 0.22235576923076922
8 0.6583500705489068 0.8088942307692307 0.16875008585051668 0.16526442307692307
8 0.30386668143798473 0.8137019230769231 0.15468670454441763 0.15144230769230768
8 0.7739444823869863 0.8209134615384616 0.11868586788058703 0.22355769230769232
8 0.5540974575367953 0.8269230769230769 0.1068060464521967 0.1971153846153846
8 0.07465602771656611 0.8341346153846154 0.12338866196154734 0.21754807692307693
8 0.8864785957733035 0.8641826923076923 0.1760875021841337 0.17247596153846154
8 0.953125 0.9158653846153846 0.0889423076923077 0.12980769230769232
8 0.2431919105831229 0.9182692307692307 0.14553591377274283 0.14362980769230768
8 0.36487985638720344 0.9350961538461539 0.11161982205206641 0.12860576923076922
8 0.48030643106251164 0.9375 0.11388730051116092 0.12079326923076923
8 0.7147233903532045 0.9399038461538461 0.11921203577592912 0.11598557692307693
8 0.12348213473378274 0.9459134615384616 0.10997732642286864 0.10336538461538461
8 0.598388607635823 0.9543269230769231 0.1121503964779042 0.09014423076923077
8 0.5533610639354056 0.09615384615384616 0.09274266514609764 0.18329326923076922
8 0.3659240028714448 0.09975961538461539 0.11139345248375171 0.18449519230769232
8 0.8426827678561472 0.14543269230769232 0.14490348276626172 0.14182692307692307