28 0.8398508862358732 0.33328966943366733 0.15188222530930254 0.48116611357097905
28 0.6341014365837604 0.37193693454085364 0.33601004266900786 0.3227560911663463
28 0.05480424370371653 0.36692527060529684 0.10960848740743306 0.4586856635856161
28 0.8793674771415732 0.4253439100887298 0.19407291702599275 0.26426388265537876
28 0.193314779704681 0.4239196632928769 0.278906606070327 0.26891851591053606
28 0.5138603703799483 0.45627562866218224 0.26985541574369276 0.26076319362333555
28 0.2754871526641497 0.4513863477033441 0.12476571912823534 0.37644066092404604
28 0.7220384421738254 0.49128849353450416 0.13701794138969184 0.3871222658962358
28 0.3751242766717556 0.5012712412977424 0.13064055432492366 0.3383464320559366
28 0.49519250605839055 0.07926766955143603 0.11945607005071188 0.1132797028076031
28 0.600569288342592 0.08838512775536408 0.1261034142234999 0.1213370758698892
28 0.8292064153607425 0.6705137755465299 0.11792234907901535 0.3072811093885119
28 0.09166724985867279 0.6645797742611703 0.1444622729773733 0.45630630473799844
28 0.6384443361034984 0.7471552752251901 0.15711962926694248 0.34721188622376703
28 0.05430833215630268 0.7255880936529461 0.10861666431260536 0.2252146488443536
28 0.4051977246809991 0.7533281750209457 0.16326382647340204 0.4444941935358504
28 0.29420397386329455 0.7982482806660989 0.2527096778642041 0.24149671596908406
28 0.8480207535828961 0.8389033977751829 0.18848032774824175 0.2544525995901654
28 0.21634615384615385 0.8112980769230769 0.14903846153846154 0.37259615384615385
28 0.7644230769230769 0.8870192307692307 0.125 0.22115384615384615
28 0.4338942307692308 0.8834134615384616 0.12740384615384615 0.2283653846153846
28 0.6754807692307693 0.9278846153846154 0.15384615384615385 0.13942307692307693
28 0.5829326923076923 0.9338942307692307 0.11298076923076923 0.12740384615384615
28 0.0818047004623573 0.10583655747275335 0.11003661212871758 0.20333925054089425
28 0.19689497948320067 0.1141438894994161 0.1398638871874448 0.2165338720090984
28 0.7815693107177728 0.16088003884007998 0.19440431818860032 0.1876101661008166
28 0.2846845193422554 0.14666313927986177 0.1943552621279716 0.18700920456235506
28 0.3785082522077606 0.19389931365812768 0.24770576131399713 0.23889697136540894
28 0.48471928507177375 0.2814356195367991 0.17361554791342387 0.3071545827139266
28 0.13888435290353462 0.27819721345388343 0.1122806045575944 0.3262180309445377