2 0.07540362842312708 0.39829479261842976 0.13665086399082924 0.13167690861183196
2 0.7175494654856571 0.39040187181601865 0.1435557772776783 0.13547502598600486
2 0.17742002096274406 0.4265021947136811 0.1414830347373152 0.1468058642424996
2 0.47910271327043635 0.41772412489653266 0.14755399499347674 0.14038763546282637
2 0.8102693873954967 0.42967138833154606 0.1155804428949643 0.12326987798676606
2 0.37127312795480155 0.44604207980637567 0.13715371340803342 0.13049247172976364
2 0.2692323561594324 0.462200914388149 0.11375288147470314 0.16698269454076448
2 0.03892831491032167 0.4947505284528723 0.07785662982064334 0.1354989430942554
2 0.7080815466012829 0.47701027813389973 0.15470418858346918 0.14719056052930696
2 0.5935309834303963 0.49952845199738594 0.12037574720869756 0.1599809904174846
2 0.08006464846414062 0.5468436407009547 0.1329101162060501 0.15195222516583037
2 0.17962803960624135 0.5463447785088913 0.13910376620530407 0.13234781492971293
2 0.49183370324246933 0.5408577264151243 0.14300387179984525 0.1360585013296115
2 0.8967101335448666 0.5458639817701503 0.11857296177635436 0.1305513612277241
2 0.813998243101524 0.5602613350396444 0.12382215862970479 0.13609990463271707
2 0.6919172274834919 0.5722070079387911 0.1694584683030706 0.12963384163654246
2 0.40075750650433534 0.5842760954793209 0.1449539245971159 0.1379138445295608
2 0.2866975039397354 0.6007846539581918 0.16510447016891236 0.1570857242623697
2 0.5636059929825776 0.6310976256173574 0.13135261107685034 0.12552740366837759
2 0.14065175964874693 0.656594088251635 0.15080408298892778 0.14347987412940844
2 0.04198245141662202 0.663941903181348 0.08396490283324404 0.1534863859449961
2 0.6657450752652869 0.6724912091690528 0.14913627611059446 0.09367001121652024
2 0.8048738158245919 0.6720401811934905 0.14690397739438657 0.13976918772951008
2 0.4815810857541193 0.6958358585587816 0.14684253333979888 0.17573944906292793
2 0.35169985894700473 0.7152029042577255 0.18909397482978657 0.1278070399129073
2 0.1471523323718148 0.7679182933392544 0.15410322704500748 0.14717307433445206
2 0.6251498461240051 0.7731950790758316 0.16525163835079829 0.15888860887775444
2 0.23820434822027953 0.8276205021624741 0.1800058188873584 0.17070906059018562
2 0.472996374327144 0.8303812983947467 0.17458507459637 0.11899139589278353
2 0.36690842793838907 0.8814308745969991 0.17210749557701854 0.1620857647134654
2 0.42526056246466826 0.15189853929440106 0.10130453415377343 0.12465309392563367
2 0.5181767086170223 0.18876420965608223 0.14235385420075508 0.13544005359629507
2 0.3326881062858391 0.19895764997907678 0.14230479814012645 0.13483909205783354
2 0.7113430307602785 0.21671755628723835 0.12109949767329307 0.11743512455069946
2 0.6185987295946868 0.22181427644873564 0.11093210839703395 0.14711599138182402
2 0.24345166059584233 0.2639057172587596 0.1552560940613018 0.14660708518570031
2 0.4291610647913752 0.2656965353152861 0.1253185172534412 0.11036347564800011
2 0.7836548379842606 0.2709697079611987 0.11945607005071188 0.11199149831483596
2 0.5367946242305782 0.29853676776968097 0.12901010979455035 0.11886436816073598
2 0.6663079801744985 0.2983655189117967 0.14110307342928616 0.07604977845773203
2 0.3747558107103126 0.31524229876001886 0.11380213590141472 0.10882931486883428
2 0.1473961249293364 0.32425592656900865 0.12030231189231679 0.1150137922019985
2 0.27816055919384985 0.352825914388149 0.1220561404470727 0.11446528924810154
2 0.867519892993022 0.34526985565604396 0.13575556608859565 0.12805365318620782
2 0.6326543323867353 0.35809908703406157 0.16505541410828353 0.15648476272390802