5 0.904191697049881 0.3303085945110803 0.03287627465925825 0.03327846344707634
5 0.5516080022665666 0.3199159330633755 0.03730987538406575 0.05385110692228
5 0.5768736568732865 0.3379744264143977 0.03467915927464314 0.03336243414758318
5 0.6055517174214992 0.341721803776352 0.03272493469446744 0.04824652144161043
5 0.5275360340618048 0.35376405388806365 0.035881082351566215 0.03341841461458769
5 0.5000011199328799 0.36815748361396455 0.032766958018952755 0.04884748298007197
5 0.559845133832122 0.374562276194959 0.03297707464137918 0.05185229067237966
27 0.3370691313564999 0.3702155051837408 0.06677786243931376 0.09835190796560986
5 0.5343778792611609 0.39387535916256117 0.03857909177680915 0.03773710631782748
5 0.5073725150173943 0.41794015397085116 0.03508675752382828 0.04775752083715791
5 0.6335744380943175 0.4238181030063243 0.031745763235638366 0.04280987736195426
5 0.6025178013835937 0.4368416682542886 0.03665013718796873 0.035850251001936166
27 0.44498183165770006 0.4307101501536214 0.06974476514461873 0.12364827304799898
5 0.5320498430813202 0.4444121088603349 0.0321239731560059 0.04821853120810811
5 0.5628796098364673 0.4518772163870675 0.03287627465925853 0.03327846344707634
5 0.4857043929664787 0.45190023572954835 0.0373351453754009 0.03708016431236143
27 0.3142161195450313 0.47285314372806686 0.092547796939857 0.08996809362432447
5 0.544817257016321 0.4860052395467781 0.03866313842577977 0.03893902939475055
5 0.6444928257519659 0.4918535413850751 0.04179401609154354 0.04088186517764651
5 0.5158030098722259 0.48706555449251615 0.04059209301462019 0.040825884710641865
5 0.6780626252568414 0.4946229175381244 0.03853706845232397 0.037136144779365936
5 0.6105027930022373 0.4950937806166413 0.03367471782447878 0.044696732677845574
5 0.4871502193153484 0.5002010806744894 0.04368094735589851 0.04216775895507615
5 0.5684607553012648 0.5100173678154112 0.039823038178217675 0.038394048323293524
5 0.44896609079205685 0.5116868400435036 0.0323467247740999 0.04283786759545659
5 0.5921883002351792 0.5328275730071212 0.03280898134343793 0.04944844451853351
5 0.6497965612785165 0.5367165585002606 0.03187183320909416 0.044612761977339016
5 0.6807944213316047 0.5417778198731469 0.03782679027355666 0.05267717407885924
5 0.507633451605711 0.5349185557014212 0.03697368878818352 0.04904341461458769
5 0.6208075841257565 0.5546597769899262 0.04000788480930875 0.058169798625519784
27 0.38858429033269104 0.5474613160888258 0.07035836167874784 0.11529079197654195
5 0.5335127027465599 0.5614464910579093 0.035338897470740024 0.05136329006792714
5 0.575327870491956 0.5670115766338364 0.03122884834614745 0.043983810205375014
5 0.6514945275742978 0.5814116342144324 0.031438964968573874 0.04698861789768284
5 0.5070956650455875 0.5770978243277379 0.035881082351566215 0.03341841461458769
27 0.27856218713226166 0.568865381750728 0.0938672733320509 0.12596980546501227
5 0.5525418720130878 0.5997137548486059 0.049467811122419894 0.04782832490275036
5 0.6150418720130878 0.6026247391328402 0.038621115101294595 0.038338067856289154
5 0.6713641633305313 0.6076596672358983 0.030669910132171088 0.04455678151033437
5 0.6411732631008484 0.6255469052585592 0.03926409996424131 0.03896701962825288
5 0.6105621296263126 0.6494437586658357 0.04496691708179221 0.04342566249900388
5 0.6596728824822177 0.6541428039668666 0.036049175649507194 0.03582226076843398
5 0.5798669495028064 0.6745425351500351 0.03735189870855093 0.05445206846074167
5 0.6678847440564379 0.6919062435545225 0.02762307911537822 0.04381586880436135
5 0.6386183569654312 0.6965723277310298 0.04440797886781612 0.043998633803963225
5 0.6071162170185195 0.6987226048196818 0.03272493469446731 0.04824652144161043
5 0.9230939563932932 0.11172653591209378 0.027202845870525367 0.037806253419746236
27 0.30023086914961716 0.7073401046620759 0.10930742670095962 0.10692180123384477
5 0.615075938645828 0.740091813638107 0.03496068755037248 0.0459546362217733
5 0.8056922214333843 0.13519856492581508 0.040508046365649565 0.039623961633718854
5 0.9473175445460659 0.17917583635097117 0.02732891584398117 0.03960913803513085
5 0.9256741325200455 0.05758401698355082 0.03086327342144748 0.030189685054261988
5 0.8599638865092339 0.20404737703980508 0.03187183320909416 0.04461276197733888
5 0.5313598766067457 0.21285915155304108 0.03525485082176953 0.05016136699100407
5 0.9605557317085899 0.24852515874065412 0.0411090079041111 0.03965195186722111
27 0.8555423608136543 0.060346765281904864 0.08699220144961445 0.04478401730570002
5 0.8561230106479231 0.2762187421221942 0.03251481807204088 0.04524171374930274
5 0.5708470081723009 0.26896098682674174 0.029942878620253747 0.042725906661447564
5 0.5439844672351405 0.273739031937258 0.029383940406277523 0.04329887796640678
5 0.5053548354756608 0.27435150314696 0.038579091776809286 0.03773710631782748
5 0.47754251140848897 0.2754677985597025 0.03729312205091572 0.03647920277389989
5 0.6195627977746884 0.2965525510563156 0.04372297068038396 0.042768720493537825
5 0.5879766111788061 0.29990475122189075 0.03476320592361363 0.03456435722450625
27 0.4088900727172676 0.2915636616382194 0.0900513874788551 0.12279705637169097