5 0.27935352520681506 0.29702977394042834 0.1555843231391996 0.1521381423958383
5 0.15657862262195363 0.34281138112329906 0.20498148331724375 0.1901782056355274
5 0.8037903706998285 0.39655224079733575 0.14998158812541199 0.17117656348320381
5 0.4253310249462886 0.4746181352899098 0.15117584498787195 0.20541388498065663
5 0.25896171937625945 0.47940733012534825 0.21187296037248726 0.20717999066099926
5 0.5865198083022842 0.49977210020841906 0.1904928608700152 0.19995739691800168
5 0.8564485796553319 0.5172562725084984 0.14466486405343287 0.1842228553808089
5 0.0990531816454438 0.5217009470733704 0.18591074478962205 0.18122267205656464
5 0.7249401541257139 0.545931177496768 0.12769324270228838 0.12372451905299296
5 0.7987869368208768 0.6528066629099195 0.19157135911309808 0.18618774011795097
5 0.3970296785319162 0.6471355001314768 0.1932593153109186 0.27564357837444575
5 0.5940190829086396 0.6552748181977227 0.2226562176003086 0.21829456366583982
5 0.21852538357327916 0.6997218389261602 0.21921897548896274 0.31300168001479467
5 0.7242251591708837 0.7433263412298305 0.22958174512003848 0.224496527193859
5 0.5004206171955112 0.7645006799027568 0.2278605686595445 0.2832508684042506
5 0.4076290114120052 0.23816690247024289 0.15561581819886483 0.1527391039342998
5 0.6209414179110069 0.25641121860780997 0.16880292158053242 0.16392362171855993