8 0.6365034461758731 0.136401020007201 0.15441341437961442 0.1582630450128367
8 0.4911686533565024 0.15074040965298666 0.12037496309307617 0.12383887124864981
8 0.9483173076923077 0.13822115384615385 0.0985576923076923 0.16105769230769232
8 0.7389046636145443 0.15267087025602927 0.10078140925671218 0.19512168745226163
8 0.06006986669440432 0.2019761416789763 0.10969835387797056 0.23873374050869292
8 0.2874291272095091 0.20954686300148403 0.13798466104391524 0.14017400312927955
8 0.17817999798020834 0.2248208604273991 0.11610529693849579 0.11825880625889565
8 0.40791513336678165 0.22988978637114618 0.08797198976031403 0.12672328748153547
8 0.9060007846545438 0.25168160450616306 0.14651700053248143 0.15073317157032629
8 0.5851432656808373 0.26956551833993425 0.09918173747122203 0.26413431515042407
8 0.6960838154286692 0.2963098539938696 0.15622329181559336 0.15893746846998405
8 0.4857752482495084 0.30728425732773 0.13923553386499912 0.14442970851096754
8 0.3680427292758021 0.3168914616562303 0.13437889181314602 0.1400270792919079
8 0.22042996107328452 0.34214610821923813 0.15806813335454445 0.16261669961943917
8 0.8142079323556621 0.32035649581921544 0.167802395920034 0.17322484267294308
8 0.1113486595382494 0.3718431825682301 0.16536358566321574 0.1701220857557209
8 0.9519230769230769 0.41586538461538464 0.09134615384615384 0.19230769230769232
8 0.3059911118591579 0.4613140391933862 0.107287093870873 0.18637662474385325
8 0.7592839395534234 0.45727368722008965 0.10151523438646738 0.20656444398925936
8 0.4227594636561508 0.4721885017850355 0.10775519181804082 0.17498284281931256
8 0.6258984492973396 0.46511371535668766 0.10310134156342535 0.18800809821563755
8 0.5322743200680389 0.4797510428206589 0.10179452617758636 0.17894470052625727
8 0.06478218570971712 0.5036098593742113 0.1195506523282508 0.15624181971311574
8 0.1753451231454514 0.49790227195122366 0.1055960943849988 0.19591854744055198
8 0.7842692143661535 0.03550678147197292 0.09847462052587347 0.07101356294394584
8 0.8752699375091576 0.5042548167318884 0.15442040720020872 0.15886400655129831
8 0.0872097723155241 0.05555935571076708 0.11245057796356576 0.11111871142153416
8 0.7055478841869192 0.5929399809315835 0.11601523233608245 0.21376271626182314
8 0.3606658893159401 0.6130053100914222 0.11293350361723647 0.20702970280760297
8 0.25140277444545056 0.6270773844404143 0.10959304053639748 0.17806111243030615
8 0.0987725293174086 0.6344990832994047 0.13862757950594323 0.14380425966627752
8 0.5881650062429329 0.6325952621831606 0.14103142565978943 0.14390220889119182
8 0.266408195906573 0.05648430295464576 0.10822986155314619 0.11253181743176989
8 0.48250766060321265 0.646520412694781 0.11528140720632739 0.20231995972482536
8 0.8227078339371986 0.6374682896770789 0.142890252839929 0.14878336311756996
8 0.9166625661631463 0.04718064700295787 0.12280678052930008 0.09436129400591574
8 0.9350961538461539 0.6875 0.125 0.16826923076923078
8 0.4588277733437757 0.06849944358043435 0.09073246976447454 0.1369988871608687
8 0.18092370984915598 0.7706408611878477 0.12068306823188688 0.20193938394242122
8 0.17761973026734215 0.0733295781226342 0.12586053796576843 0.13066983392778425
8 0.4240618124173376 0.7907960663945653 0.12939022823531326 0.22752259084500645
8 0.6536431057508341 0.7826438384921587 0.10957947592786582 0.22851739435484683
8 0.29913174062328163 0.801899041474732 0.12054321181999884 0.18992015317319044
8 0.7691675775473376 0.7899615064654958 0.17084216771531346 0.1763520868963937
8 0.5492855826763585 0.8049334759297833 0.1519885897639851 0.1563622111725376
8 0.0698021888311836 0.8316858847617541 0.12212274720901961 0.2224210508625706
8 0.8814499067839806 0.8286760982762047 0.11093524105786574 0.24178752281345778
8 0.9507211538461539 0.8762019230769231 0.09375 0.13221153846153846
8 0.23784849140670755 0.9090130290148154 0.14470013027590822 0.14945778657471737
8 0.35943852115258157 0.9208935162335588 0.12037496309307617 0.12383887124864976
8 0.4748511078195746 0.9185957995915115 0.1131844030933209 0.1253479081892911
8 0.7092540791019523 0.9114495963161988 0.1173491769389853 0.12191355010212217
8 0.11799183910293116 0.9427566441066916 0.10938982770650284 0.10897502281345776
8 0.5928353683346793 0.9306232106476267 0.11162584616608348 0.09464989511529555
8 0.5528015436027967 0.07367449903598024 0.13800563950569844 0.1419768877446642
8 0.36534350052636305 0.08968588076224884 0.11031987284555839 0.17937176152449769
8 0.841836493353076 0.11119943820009257 0.1440781902756635 0.14763041465310417