3 0.6332537481465239 0.8643008985168199 0.51821346739243 0.24779654229150722
3 0.2477864606914155 0.883783551169285 0.4002209208468714 0.2298821492320777
3 0.7806306962682558 0.08167206202578228 0.31546812330574225 0.16334412405156457
3 0.12856908484420365 0.18098289013198166 0.25380705029979034 0.3315228490812941
3 0.4276260645852851 0.1874007376873261 0.30526250984711056 0.29853483735338876
3 0.7956730769230769 0.2704326923076923 0.40384615384615385 0.21875
3 0.4445241132848785 0.07366069245025728 0.2400097650312955 0.14732138490051455
3 0.20435799958733655 0.42764039104054036 0.3275562365471823 0.32090396411553496
3 0.5969549671860983 0.42717864722526416 0.31363504222662963 0.3084230404804276
3 0.8942307692307693 0.49038461538461536 0.20673076923076922 0.25
3 0.3428687807432341 0.6552464487002259 0.344173708269401 0.2561126817613999
3 0.11973111272018114 0.6702647938029482 0.17197832370831423 0.19312425854794968
3 0.6726857321522364 0.6521595606704916 0.3298906394412039 0.25801286297065357
3 0.8954326923076923 0.7391826923076923 0.20432692307692307 0.25721153846153844