14 0.21138810088877483 0.19120446676062225 0.19317086378027754 0.3801891888082202
14 0.8470370640173772 0.25381875216858885 0.2894107246216322 0.31647018494910334
14 0.7220066234063087 0.27232928525689604 0.3913574170713018 0.3699281922141254
14 0.09134615384615384 0.34548335945388536 0.18269230769230768 0.6909667189077707
14 0.4707152209018361 0.4223660835838168 0.35149679269245127 0.6009802219540311
14 0.21563040413188198 0.48696145469058794 0.43126080826376395 0.4225265123361122
14 0.8460431381435085 0.6445836038467369 0.24025548331771665 0.2993635585158845
14 0.5 0.7860576923076923 0.47115384615384615 0.4230769230769231
14 0.17312903241332236 0.7967918903482606 0.34625806482664473 0.39646839608113665
14 0.6802884615384616 0.9122596153846154 0.2644230769230769 0.17067307692307693
14 0.018028846153846152 0.9362980769230769 0.036057692307692304 0.12259615384615384
14 0.4504919280603116 0.10001295111558058 0.29609301712951175 0.1957608267252229