28 0.7151442307692307 0.13454837163710964 0.12319711538461539 0.12496104328294134
28 0.5144230769230769 0.18576304328233714 0.17848557692307693 0.19470200304519197
28 0.6850961538461539 0.24174454542094148 0.12920673076923078 0.1399098934243231
28 0.2548076923076923 0.30943798477464435 0.23737980769230768 0.2593497728922716
28 0.4230769230769231 0.33918748850826286 0.24699519230769232 0.26920543311848244
28 0.6177884615384616 0.35821012854287865 0.19411057692307693 0.20989112879739985
28 0.7800480769230769 0.3956969439563405 0.18509615384615385 0.20189093050840426
28 0.7043269230769231 0.5597736095839045 0.14903846153846154 0.1620776373524214
28 0.4855769230769231 0.5849213701148158 0.20853365384615385 0.22677798452133155
28 0.6526442307692307 0.6688625669536338 0.1346153846153846 0.14579174316695123
28 0.8221153846153846 0.6720646083512836 0.17848557692307693 0.2385721953528844
28 0.3641826923076923 0.1328016045091887 0.1346153846153846 0.13677732009002821