21 0.20753437933291785 0.3246853743328683 0.3742542945519581 0.3623338051767459
21 0.2956106467503295 0.3308759609876241 0.4113064686308172 0.3970011892841235
21 0.04102687631065522 0.3389405594871591 0.08145279108284889 0.6778811189743182
21 0.5294554892774604 0.34258582352007316 0.418881880127885 0.40489760313125617
21 0.17614608512908037 0.3478995251065045 0.33930470191311546 0.4243932574792987
21 0.4226522768323201 0.35016176664331405 0.1572035921261787 0.7003235332866281
21 0.9579326923076923 0.3485576923076923 0.07932692307692307 0.6538461538461539
21 0.37169733059568644 0.36366269738776447 0.08318966437471008 0.3030878282145101
21 0.7857746541942744 0.3720727906649698 0.14772484475095765 0.6570126384774468
21 0.6646339924902378 0.40474932606622777 0.15456753928594552 0.5718019707866075
21 0.9006027788361923 0.4104216019316838 0.14503612537106775 0.5734929702724817