3 0.4400140658090871 0.1898924594362141 0.26706665668269436 0.2655716157289521
3 0.6712057159993675 0.2762020147858425 0.2295131936233357 0.2570589428272163
3 0.11243542878785845 0.3093597531739177 0.2248708575757169 0.2406727265768117
3 0.8896924908460162 0.37891877242523353 0.20034461465276748 0.30704939954983
3 0.3941614510099499 0.4290179124593483 0.26831755437207466 0.2668155108845912
3 0.6971256635284144 0.5262592540704008 0.3347590149162328 0.20372409771845598
3 0.6698935732672034 0.10162936408098405 0.2082897765425161 0.1633013092242952
3 0.14191679912380198 0.5935325314781985 0.2814274928043391 0.27927544848034047
3 0.39732036706786533 0.7059638850962485 0.2559534562439222 0.2873874718648685
3 0.7352342078985713 0.7430403959095572 0.3434061283997267 0.19502446523190342
3 0.11538461538461539 0.8629807692307693 0.23076923076923078 0.2692307692307692
3 0.45072115384615385 0.8978365384615384 0.2668269230769231 0.19951923076923078
3 0.8137019230769231 0.9242788461538461 0.30528846153846156 0.1466346153846154
3 0.17597869564222582 0.1120650425766372 0.2441964548693945 0.21976498896680596