12 0.21292249437677596 0.5482812354686651 0.20680556287388877 0.12070449093477638
12 0.06282896727881626 0.5663225383195615 0.10827629838812741 0.1504078079762617
12 0.49735258740843946 0.5745750249169423 0.20850491414694836 0.2180602601655456
12 0.8859723545161753 0.5725332214271494 0.19627588692425355 0.2052708020913201
12 0.279588630739721 0.6450835464832319 0.28596160714195185 0.1503889028594152
12 0.08200561063453786 0.6998596047079533 0.1422763086901894 0.17239617519947797
12 0.5708675249698565 0.7190691453559346 0.22560457261337502 0.23476357839253836
12 0.9591346153846154 0.6959134615384616 0.07692307692307693 0.11298076923076923
12 0.8368281992953992 0.7212778911463193 0.19747781000117662 0.2053478248218196
12 0.9038461538461539 0.03485576923076923 0.1875 0.06971153846153846
12 0.21656686937487485 0.8260024889683955 0.19202719686432987 0.20259737638072567
12 0.6999287631060696 0.805856658999913 0.19197474775096388 0.199592568688418
12 0.41737591908032656 0.07519035080536353 0.27629073176711244 0.15038070161072706
12 0.3487933041895823 0.8873185498054907 0.19781652597280797 0.19036229772553087
12 0.6554615865378278 0.06582961075971766 0.2801617882108006 0.13165922151943532
12 0.053518840528087294 0.9291026799699009 0.07682699175733645 0.13698694775250594
12 0.8509615384615384 0.890625 0.2932692307692308 0.13221153846153846
12 0.20148125686170426 0.9268404225800035 0.13186369755164098 0.12610691643240501
12 0.5330022296390093 0.8935629181929168 0.1947832904585693 0.15415055995683957
12 0.16290390109817687 0.10415175342874174 0.2248462637348153 0.20830350685748347
12 0.8798076923076923 0.12379807692307693 0.23557692307692307 0.16105769230769232
12 0.27066619817531706 0.20285287690603904 0.1822229954408276 0.19116388684442226
12 0.8455420829154369 0.18646870403498092 0.27273437000362083 0.21797424547803684
12 0.05351673451382206 0.23963052958798295 0.10031998251679121 0.10727740236249564
12 0.32926063061752064 0.25083847814975635 0.2902207870245486 0.15366329010847107
12 0.6238157030450602 0.23677560148507662 0.2299162016093378 0.2410427733339018
12 0.19345213598620456 0.39791724600335016 0.1688309627858137 0.21491754852060133
12 0.05533588036678279 0.41278447539540547 0.0990909965023443 0.174431049209189
12 0.7777336088882448 0.3688976605190655 0.26464472808362144 0.1328150435372128
12 0.5812056543425599 0.415183234474826 0.22561506243604812 0.23536453993099976
12 0.05374478084381841 0.049201823423346676 0.10268186937994452 0.09840364684669335
12 0.3631899419296844 0.4712686791180386 0.3167679929435885 0.16136740556407503
12 0.8865719511702296 0.46901379135076576 0.1761084818294799 0.18476915780730935