15 0.2129502792530455 0.719416448774739 0.30933337152115403 0.3222558321052341
15 0.40696445083921007 0.7804101195871304 0.28410647197131433 0.29543648151461027
15 0.8100562827306631 0.7738382741005743 0.2736383501862181 0.2839644806130568
15 0.9194711538461539 0.7692307692307693 0.15625 0.2403846153846154
15 0.6106769273121267 0.7926336627481031 0.2656160371601764 0.27444940978788723
15 0.9495192307692307 0.06009615384615385 0.09615384615384616 0.1201923076923077
15 0.6854338645659189 0.0900960263154151 0.20416309241228647 0.1801920526308302
15 0.5185064322243057 0.11000138032235797 0.1758349798332267 0.22000276064471594
15 0.3515230497424146 0.10866663013778825 0.21704904788629825 0.2173332602755765
15 0.8396716693940172 0.09804671558657657 0.22078070493269253 0.19609343117315314
15 0.19052231251404927 0.16955186138796557 0.22934802935691787 0.23732147000738338