12 0.16387521493074594 0.5755019605991024 0.21245005969825023 0.12190206903409671
12 0.03547645321658703 0.5734095910162433 0.07095290643317406 0.1510259128017175
12 0.44441933507268117 0.6398081236023098 0.21925783826486595 0.21925783826486595
12 0.8310436025883943 0.6897917296813408 0.25893833311969744 0.1538579488921615
12 0.22171914257106462 0.6810020181050516 0.22247276257960014 0.22247276257960008
12 0.03780902770874017 0.7084452088764807 0.07561805541748035 0.21076061006065377
12 0.5049110121387925 0.7938053374300348 0.29083543632012704 0.18240142280873345
12 0.9085890726870053 0.8244488576379907 0.08509235520637184 0.13930936196206892
12 0.7691912657552636 0.8316104160832989 0.28026203189976573 0.13382021983798692
12 0.8994169514420491 0.14381597282868192 0.14471361748751996 0.14527255570149633
12 0.14325851594162226 0.8530621447193627 0.26686014976000333 0.13886329875944078
12 0.6256751730239641 0.8976662052978377 0.27335729170529205 0.12915123249941812
12 0.4089735593997983 0.12763783285150793 0.23493749658501883 0.21257996802596862
12 0.2692307692307692 0.9158653846153846 0.21153846153846154 0.16346153846153846
12 0.6473745618754203 0.1382694539630645 0.2877298286456986 0.16364554514296983
12 0.007211538461538462 0.9314903846153846 0.014423076923076924 0.13221153846153846
12 0.7764423076923077 0.9675480769230769 0.3173076923076923 0.06009615384615385
12 0.11899038461538461 0.9483173076923077 0.16105769230769232 0.0985576923076923
12 0.4495192307692308 0.9627403846153846 0.28846153846153844 0.06971153846153846
12 0.15366158719828255 0.11703148173128654 0.23594605637266566 0.22700304494904555
12 0.8672006949621076 0.2418106085849154 0.20318321669119563 0.2031832166911955
12 0.25144638631530963 0.2386102791483886 0.18159062463106543 0.20227133854818688
12 0.8245368240520409 0.29921726966401113 0.2832665596088535 0.2195476032155605
12 0.04134268532815652 0.24615032749728416 0.08268537065631304 0.10708430884072215
12 0.30552468810188294 0.29432721060666805 0.22577173354330482 0.22688960997125726
12 0.5996596553521545 0.3197263319121489 0.2909908946224006 0.19317670717655575
12 0.15763816962411412 0.4228829998212068 0.19743837624915936 0.19799731446313565
12 0.036478485518985054 0.41922725057420723 0.07295697103797011 0.174992962686876
12 0.7411844584659355 0.4721431327593632 0.20254023182824865 0.20254023182824865
12 0.541715767679375 0.49201332848203666 0.21150823325998402 0.2623716107318232
12 0.051682692307692304 0.05297689870855103 0.10336538461538461 0.1056176108212198
12 0.32002413496540527 0.5187841460617014 0.3241783658694261 0.16320416024426443
12 0.8406754605537091 0.5865944383638974 0.1852216638531698 0.18578060206714617