22 0.06401956709907444 0.19151405235089797 0.09701660425587587 0.102243601631783
22 0.793782473428348 0.24231543290435273 0.07824377524843293 0.12735043640809843
22 0.5212919102440888 0.27017330265657447 0.10796113256737855 0.1451637033348485
22 0.9517307484228638 0.29726050968486467 0.05429575770327615 0.10015263129890196
22 0.385670201188747 0.29075478653447834 0.09704602555658791 0.15736417485538037
22 0.7947604666131772 0.36893707676843623 0.10416821007040565 0.08811432925971839
22 0.12240491539152491 0.36474742607565347 0.10144099963760664 0.11857449336703468
22 0.32342682251830557 0.3958791689171263 0.10891487968550538 0.16976115433305553
22 0.5050675837740036 0.41427815565119563 0.13064729438860376 0.15793843152096798
22 0.64898288907379 0.42292057432788993 0.10642113456114653 0.14810555290908203
22 0.8733523972300579 0.4765683462070151 0.09796299604882464 0.11306090932409063
22 0.25325053353105503 0.48143700543927676 0.1215282616908117 0.10849169705225765
22 0.39805229797678154 0.49372716542545636 0.12819087091292702 0.15725352582507449
22 0.042478665844516636 0.5066277588983243 0.07908501239772053 0.13696582102348304
22 0.5915472027110409 0.5282128450254021 0.11950716744013498 0.140174770275855
22 0.4872806482993599 0.5486836798729999 0.11431672322927337 0.10823986457996153
22 0.9300541811783487 0.5725848384576814 0.0496983746829056 0.10238858913788394
22 0.6672242246061265 0.6140416107645014 0.12493107695943696 0.11999391044045897
22 0.5583390362502137 0.08098298184090107 0.10325913992613941 0.09826771729549044
22 0.5480540420497163 0.653281521976992 0.1352825440804485 0.128743148608649
22 0.3269454178925226 0.65882178541811 0.12490111063593286 0.11280335801827863
22 0.424632451750215 0.7273352303415357 0.1061282816284897 0.13791019279459413
22 0.6982818961059134 0.8791515081528771 0.099285329442557 0.09393507029011161
22 0.26213419582314984 0.8759768464269004 0.1091409896687676 0.10386524549586632
22 0.8460890132667397 0.9397704236882761 0.11180772243176634 0.10695399734560623
22 0.14705632400484347 0.09676055200052339 0.11753184020890295 0.11074864093059772
22 0.7475961538461539 0.9615384615384616 0.08173076923076923 0.07211538461538461