10 0.44395002891681745 0.34875214512748653 0.2044246384660146 0.12805922027011457
10 0.44628014220515844 0.3919653954297128 0.17740574849099758 0.1711028722076535
10 0.4613898056109538 0.4597209314734412 0.19355807634699546 0.18562474342982518
10 0.7571598044587906 0.8267159028407491 0.19457636154144572 0.0880878661631283
10 0.21546036762967724 0.8206435009854818 0.18265494534434787 0.17673544792182538
10 0.7309381002647497 0.8721913911656365 0.23224081340504937 0.058112250269317656
10 0.23650611192066576 0.8731099198312372 0.14300387179984525 0.1383693898320343
10 0.7678542240419232 0.8990552093241517 0.1993963426600554 0.08112823980311007
10 0.7915491939729425 0.9253032423456174 0.14305292786047374 0.13897035137049557
10 0.24487041821545713 0.9022359760124135 0.20619095419777095 0.061688372302911014
10 0.2365059135545828 0.9317802287324499 0.22065079837055906 0.07014464767346268