0 0.46399821431884164 0.28488635459185324 0.06977929935851754 0.2507287925440149
0 0.25273976897013967 0.28230696104552194 0.1507933682844507 0.14860349902015882
0 0.42114900783425024 0.29058689821961414 0.05423023054117989 0.24118971848314127
0 0.9711538461538461 0.3269230769230769 0.052884615384615384 0.11057692307692307
0 0.38674658254899463 0.48250157461301996 0.4648543619309422 0.4540427178476367
0 0.6308769752592589 0.49342575274622286 0.27456325036571577 0.6878930413889864
0 0.8725961538461539 0.5036057692307693 0.25 0.7235576923076923
0 0.21387967161439117 0.480063364508679 0.39891767568355024 0.46493442132505025
0 0.9399016030033853 0.2799146544575069 0.07312820015280207 0.26703869823990856
0 0.7841416313354646 0.2828717457628829 0.08765035601181655 0.27954060791437385
0 0.6917335625072674 0.2820437418555937 0.1545041435863797 0.15053229987169148