12 0.5203221394931006 0.2471489707106461 0.2554189138596797 0.2655527483970372
12 0.0664112720020301 0.2451752743759376 0.1328225440040602 0.20188901029033673
12 0.7393997528272798 0.2925775843953365 0.25982724150844116 0.3552220876012622
12 0.13890571725875958 0.27587869117440894 0.22526873759020474 0.36300108093496203
12 0.278118959843578 0.29283964091653303 0.27766554606421584 0.2880992419246612
12 0.8604221491364948 0.3552368810518726 0.2653950776536209 0.29923598287970093
12 0.40619291704737187 0.07176104477025244 0.09384667971040137 0.09232504532176297
12 0.9164615057763169 0.4988622904234778 0.14356549855835035 0.21395026438405282
12 0.35705555098823133 0.5187588760703663 0.2684412886490342 0.2802573535958436
12 0.5584524515297954 0.09565612303566809 0.12347971232502462 0.12138543412782576
12 0.470468850722309 0.5531856154148775 0.3117151437863284 0.3246653324636594
12 0.60767580526688 0.5977067492772619 0.30242094159172733 0.3144195979809955
12 0.7372037184568943 0.6163991719814675 0.2950170549867852 0.3073047411640951
12 0.090829299820536 0.5836468088407222 0.181658599641072 0.43532246383529044
12 0.23446301023274196 0.6342363347453571 0.30982482819666946 0.32153445479789594
12 0.8665475209622328 0.7242019956759221 0.23146145238209706 0.28726729209314045
12 0.7106770136225091 0.12075312437800681 0.1555690496780587 0.15241680084721432
12 0.8870099820331039 0.14512721254591068 0.18631657439533073 0.17855642860993998
12 0.03418927127148596 0.8300328029349878 0.06837854254297192 0.24660406740843727
12 0.6730769230769231 0.8834134615384616 0.25961538461538464 0.2283653846153846
12 0.31490384615384615 0.8617788461538461 0.28365384615384615 0.27163461538461536
12 0.4951923076923077 0.8725961538461539 0.23557692307692307 0.25
12 0.12740384615384615 0.8605769230769231 0.2548076923076923 0.27403846153846156
12 0.8149038461538461 0.8942307692307693 0.20192307692307693 0.20673076923076922
12 0.9170673076923077 0.9555288461538461 0.11298076923076923 0.08413461538461539