5 0.5173763896390421 0.09807822509614986 0.04786897745274811 0.04755859950268006
15 0.9254807692307693 0.1310096153846154 0.14423076923076922 0.15625
5 0.6258738055248156 0.17189345919991414 0.05721154355647848 0.04013789640233785
5 0.13968639801180457 0.31206740877476935 0.0608382988266057 0.04088578177817103
5 0.6294299945486477 0.34266448534790545 0.04604510679800537 0.04688417604553271
5 0.09393320647010603 0.415036906347054 0.06382212047955535 0.04040725677085259
15 0.3621757425563429 0.5136374916064645 0.1716365454388405 0.17202291959601995
15 0.53514201660296 0.5378841220250815 0.23904153434040182 0.16036690827677624
15 0.4202916005746214 0.6268182494305049 0.16728291239410353 0.1676447776831889
5 0.09734060392372643 0.7194172924833359 0.058329522475969404 0.03778302486094877
5 0.08020843862875934 0.7802970401288051 0.06023733728814415 0.04086129447194235
5 0.37603796619966867 0.8416645423815502 0.060216351248786174 0.040260332933480816