18 0.9406831283615382 0.1290762760113816 0.10935003974700883 0.15877243494255033
18 0.9170353128659721 0.16499567411523644 0.1555266679325856 0.18253430807333698
18 0.39229747457403824 0.21945123465227787 0.17219972812374484 0.17670745768832305
18 0.8100341740715808 0.27443328243693615 0.1410626333433494 0.23168636969458603
18 0.893943983956036 0.3317567462026932 0.15867084850606317 0.16287051870511962
18 0.9348922888427881 0.37787435293445854 0.10929408960673087 0.1563685887887042
18 0.9267935876491987 0.02662077440239151 0.13137479870499483 0.05324154880478302
18 0.4451760603243585 0.5267483651482064 0.1605296832617256 0.16535833555947257
18 0.902269500527884 0.541477499527182 0.16804944996431623 0.20472872812799744
18 0.46530002192147385 0.5906445628959714 0.19799961414190717 0.20192150903387932
18 0.5776933146793264 0.6106227836129325 0.2084957109971422 0.21441657377264833
18 0.5550236216995721 0.6561015858651674 0.11200767141020325 0.27295512725024257
18 0.9519629480385677 0.7792870134295902 0.06244857208544347 0.23282734141348327
18 0.8483039067983439 0.09533497594357201 0.1014551219451658 0.19066995188714403
18 0.757935875468002 0.10631654140586526 0.14205524586375545 0.21263308281173052
18 0.49175137406522423 0.12477258605568212 0.1112518420469286 0.2146898482529757