2 0.11050859994814795 0.39324544206563683 0.10065816241671605 0.16200644701810077
2 0.7536003793571606 0.3553369374216231 0.13357818793785997 0.14167450638693396
2 0.21525771482204797 0.41657180529318827 0.13780939275076678 0.14620000415275752
2 0.5169404071297403 0.3937116578232506 0.13721192750425892 0.14675542754884865
2 0.8499989659477658 0.3901181423346678 0.11363807211806486 0.1215419399964032
2 0.4113180206225649 0.4269667554958245 0.11200650580841134 0.15085244095390754
2 0.3104334005840078 0.4478383172602045 0.13238325744484436 0.14278535317911625
2 0.048554021492924995 0.49173140887215777 0.0923251155931896 0.1751910284095306
2 0.7516999992446471 0.4420575515295662 0.14386096363882656 0.15386692403799992
2 0.6388311113563964 0.4698494915259695 0.1323832574448445 0.14278535317911625
2 0.12820260342958842 0.5410088356177274 0.13599601925952107 0.1442605051102617
2 0.2279762039820186 0.5358533501380881 0.10904015732759434 0.15723532716513233
2 0.5404971817337407 0.5157792853362525 0.13298072269135225 0.14222992978302512
2 0.9447115384615384 0.5012019230769231 0.10576923076923077 0.13701923076923078
2 0.8651842345167491 0.5200348423023937 0.11375344975253682 0.14137367076563395
2 0.7438389518348701 0.5376470085996747 0.15998203641867711 0.13706760772815435
2 0.45299454497120767 0.5632932387377146 0.10731069484323733 0.16971890504571346
2 0.3400906941634198 0.5850755633495025 0.14397284498134486 0.17309769326876917
2 0.6203625337715335 0.6023163274664375 0.12210397803583167 0.13119389706651183
2 0.1985644521945149 0.6475052572566078 0.14023421665633512 0.14998792595300833
2 0.06997966071546785 0.6608561889546413 0.13308211515800955 0.15965781439840973
2 0.726390490145338 0.638772768255402 0.11605939973167932 0.12472890025819247
2 0.8658345448201371 0.6318136884562399 0.17604017594336122 0.10945098372600127
2 0.5438030712116413 0.6706452096898479 0.15412625788002451 0.163054533996758
2 0.41528820557166823 0.6960153721571121 0.1797997820200931 0.1361665202725314
2 0.21483976249790293 0.7581001117088236 0.1707434034397256 0.12827190967543672
2 0.694518951532729 0.7409914433280187 0.1965602755498959 0.126023319028133
2 0.3113572230149338 0.8133140089295607 0.15189722632386327 0.19292045835035326
2 0.546990086763116 0.8050784417357508 0.1659287185481259 0.12670568145955047
2 0.4451063285809504 0.860896849015641 0.1601708361841768 0.16951953080507728
2 0.4396599070722367 0.13142061760807405 0.09205590111275469 0.12891698994799217
2 0.5360445084950269 0.16379797636727256 0.13357119535395265 0.1404725833100109
2 0.35097632498450265 0.1826314165250462 0.1323727685689834 0.14098246856373164
2 0.7321537623828955 0.18260638810837032 0.09571411472282967 0.13820464187913759
2 0.6396196706276336 0.19202310818725715 0.12270144328233948 0.1306384736704207
2 0.267205323963072 0.2515067564569013 0.14445842888533442 0.1533115006419088
2 0.45354535638959337 0.24460147078361769 0.11720887842929692 0.11580555346601026
2 0.8094054907496203 0.23326789050034452 0.1112097519205428 0.11715305665769098
2 0.5643320569837383 0.27228014489515756 0.12026263420895643 0.12444670571632378
2 0.6941607270431528 0.26604967537392166 0.10456770836988263 0.11124348324546277
2 0.40334429051512005 0.29650359781965385 0.08666472872636942 0.13151195435896634
2 0.1761948141444733 0.3161208617895088 0.11182819491877265 0.12020340249236897
2 0.3097970754484346 0.3384633172602045 0.1363312626095014 0.09863296632955518
2 0.8999972468889245 0.3033602460678624 0.1263246939728773 0.13391651021695075
2 0.6656572098084615 0.3271297369769313 0.15352879263351665 0.1636099573928493