17 0.4215668903776334 0.14246519737182373 0.2518181423216562 0.28493039474364745
16 0.6100321206791548 0.2281221871561117 0.1842431347171702 0.28816660699951774
19 0.8235336568593473 0.2214755372646138 0.26606367288596944 0.4146380904522949
19 0.189242742440098 0.35351324707856074 0.23081511099689417 0.24045745560274753
19 0.3975529696998249 0.474270443340909 0.26579431251745483 0.40802751352921796
17 0.07470495741487863 0.5160668020947823 0.14940991482975727 0.25152024196428147
17 0.6521953860790801 0.5457244141936589 0.3070464081304066 0.31795671807636805
17 0.8733043477639112 0.5875717134859484 0.2131545701951258 0.4097201955785106
17 0.16530023860925422 0.6765116407852614 0.24863783334230602 0.3838664614307055
19 0.03017465715208654 0.8843947811171179 0.06034931430417308 0.14467197622730274
17 0.7730713468284923 0.8425262764264024 0.20917131956674623 0.19436745175584763
19 0.45498006072148445 0.8876586456691081 0.22202720889119176 0.15708325874939724
17 0.11164838999909193 0.9348513694582177 0.1411330982156376 0.11214632028487487
17 0.17251985024882824 0.10018895509815767 0.2649362610408051 0.20037791019631535