10 0.2012313506879369 0.2688188997785155 0.18088936952249873 0.36463399432802385
10 0.5397328868681296 0.2823416308796174 0.4451736493406639 0.5646832617592348
10 0.18333306779769376 0.3054461918107727 0.3666661355953875 0.48526146253230074
10 0.170525406266719 0.41121542258000354 0.341050812533438 0.3662487080600287
10 0.6383293819840982 0.4880919173836495 0.6896873898779575 0.976183834767299
10 0.18797013594659037 0.61686787358378 0.37594027189318074 0.5188920176264313
10 0.08604263375315044 0.6548188511372346 0.17208526750630088 0.22401614387937704
10 0.2878698600774584 0.6432815830706752 0.24918677943794082 0.24613526550387657
10 0.3358079324950453 0.06787849855361014 0.15701214732345645 0.13575699710722028
10 0.38015471184718386 0.7320716877076401 0.19605624167796656 0.4279427329982682
10 0.09855035256003691 0.8714122146832494 0.19710070512007383 0.25222282482181957
10 0.1680367352461199 0.8775311358150888 0.24910209640200123 0.22934685379220318
10 0.1045673076923077 0.21033653846153846 0.2091346153846154 0.4206730769230769