27 0.22308732704907955 0.16860763486358762 0.13530162961963893 0.11050181755652905
27 0.4403416889373067 0.1892318737482119 0.09597384240672004 0.12904025849086656
27 0.34140636301337884 0.2091461582144212 0.12906868631279744 0.13202104489173916
5 0.6947297883380708 0.21771802010011349 0.18403636987888533 0.18344589816309706
27 0.13579359827814708 0.21036633116787648 0.10763641920506171 0.10881736263663842
27 0.2738110389630142 0.2933288161819068 0.14262551448449395 0.15148259022131888
27 0.43718865884316693 0.30098974025671166 0.1070144780212538 0.10760494973704209
27 0.10292816558647308 0.30236893731194664 0.11189559908765853 0.1118955990876585
27 0.024803165586473084 0.3010052603644296 0.023155639672230503 0.08751705669315854
5 0.8430400455815851 0.3309173988453385 0.17368365603028751 0.17545507117765252
5 0.584144052200156 0.3540510058650899 0.15166091720676342 0.15284186063834013
27 0.35198408154588445 0.36081924200553944 0.08863642607310308 0.1217028421572496
27 0.17163268107138357 0.3612780644343464 0.11681867944475616 0.1185900945921211
27 0.03657672390372427 0.38416872877093244 0.05808787930780088 0.0580878793078009
27 0.0854359771506421 0.4090673557685971 0.07679856393540553 0.0974650739879971
5 0.711218307320637 0.44403621253254105 0.15234275568052197 0.19190436063834013
27 0.15097529595705814 0.44267315933957296 0.11866352335083359 0.12102541021398686
27 0.38651025974328834 0.44918901598131655 0.1328527825290113 0.1423003299816245
27 0.022201689563517576 0.45004372190289116 0.02350484546653505 0.07310446959275488
5 0.8678939835197426 0.4912556999190753 0.1773418743744229 0.17852281780599946
27 0.06593855582254689 0.4928872764730162 0.09293011706980822 0.09233964535401981
27 0.2916483385399284 0.5112545267212192 0.12108834915002618 0.12226929258160282
27 0.18569029096257983 0.5202256256230424 0.1308610811055089 0.13145155282129733
5 0.6063633678856568 0.5275685014942877 0.12613730737920223 0.13617532654760384
27 0.40520164148722826 0.549305285336821 0.1174091511605445 0.11799962287633278
27 0.09407748501910002 0.6027867676066765 0.16386896478411195 0.163868964784112
27 0.23706437188225332 0.6076871915567461 0.11311850180992802 0.11311850180992795
5 0.7031168106935574 0.6326542170280784 0.14751712537357192 0.15637420111039682
27 0.44940614323605604 0.6342371272446001 0.09354156843094302 0.09295109671515461
27 0.2988091046497824 0.6520473638839905 0.14673783684966585 0.14614736513387755
5 0.8575354982562419 0.6714182835854583 0.1840049004108657 0.18164301354771256
27 0.39953986701251026 0.6670308079392432 0.1131289916326012 0.1137194633483897
27 0.2572386013990623 0.07181831605717161 0.11226578452730955 0.09868493506417789
27 0.1442496428618504 0.6902273538950339 0.11073867694751702 0.0800341477265237
27 0.043288104400311944 0.6884650636859351 0.08498124937505651 0.08439077765926829
27 0.1982583460341806 0.7645097252732769 0.12653896228687286 0.12476754713950775
27 0.36764768731321407 0.08336382804442644 0.10274480831598377 0.10392575174756044
5 0.5550406830722168 0.7815579876334697 0.1157710620618424 0.1618278558933322
27 0.3145511694608692 0.7833716739488021 0.11924350524394872 0.1198339769597369
27 0.4443378821232151 0.786839398723138 0.10147994630302143 0.100299002871445
27 0.062466375892223806 0.7945280094900157 0.12493275178444761 0.1350992813427593
5 0.7924759815239792 0.81696195741206 0.18344589816309692 0.18403636987888533
5 0.9189357436372366 0.8732723382803186 0.09753986763111683 0.1843392098520012
27 0.3924095173635433 0.8688909459262809 0.1271818831160273 0.12718188311602702
27 0.12151527285822981 0.8906128334156451 0.13210496347312478 0.1338763786204897
27 0.25731160090519106 0.8941854564167132 0.156531548450495 0.156531548450495
5 0.683973313567537 0.9028351535916137 0.17202762893232768 0.1838370632480944
27 0.4444339672889556 0.9190928964753694 0.06288948832331578 0.12666043362845542
5 0.5489593156905704 0.9233219717743536 0.12167882086581454 0.12167882086581454
27 0.45271149038524905 0.10047838286402194 0.07331867257671476 0.10461367351349632
27 0.045164729651683506 0.9253488080665134 0.08370285589333229 0.11440738511432559
27 0.3598587793520655 0.9428647059165051 0.10733221434753878 0.09138947802125366
27 0.17908653846153846 0.9411057692307693 0.11778846153846154 0.11298076923076923
27 0.14733911026540186 0.09995724525372474 0.11006124500425432 0.11006124500425432
5 0.8572770354653585 0.13519275411499468 0.18442449331779406 0.205681475086174