18 0.6969031293226042 0.2439903846153846 0.15637703224920438 0.1466346153846154
18 0.36254664752522403 0.2608173076923077 0.2555356860953581 0.1466346153846154
18 0.760487631270307 0.3245192307692308 0.21292612742919914 0.1063701923076923
18 0.5284227648358233 0.3641826923076923 0.21734823668835682 0.16165865384615385
18 0.3000455259499936 0.38461538461538464 0.22230186422615128 0.15384615384615385
18 0.7916083558706419 0.4254807692307692 0.22443162132546052 0.1388221153846154
18 0.38632655826435536 0.46274038461538464 0.1723111233274613 0.1622596153846154
18 0.6254973963016025 0.4831730769230769 0.13415330959657237 0.12620192307692307
18 0.7868113962581643 0.5288461538461539 0.20170601607030447 0.13040865384615385
18 0.4923283881415654 0.5492788461538461 0.1879948338920712 0.1219951923076923
18 0.2643130237633802 0.5552884615384616 0.22394159299338126 0.13040865384615385
18 0.6728031532814565 0.59375 0.29137151199028577 0.16346153846153846
18 0.8634070399097015 0.6057692307692307 0.20598219009935986 0.1935096153846154
18 0.09947399131870374 0.6141826923076923 0.1338442185183155 0.11057692307692307
18 0.5546409629649054 0.6286057692307693 0.1863023216954538 0.17548076923076922
18 0.3167883475585709 0.6514423076923077 0.22128031761543523 0.20853365384615385
18 0.5888655741934853 0.7415865384615384 0.23915730140395652 0.2265625