2 0.12359081850118699 0.2850669029483193 0.14137449490157206 0.22743642901776814
2 0.7921257764530052 0.26898119103328233 0.11795755233069809 0.1762265444241027
2 0.7060208697913963 0.31128109783356933 0.09788065180800651 0.10239013351121838
2 0.5582822308181796 0.32830505720713654 0.12378535437985914 0.160951564661302
2 0.18103222671741026 0.36350748194941396 0.11346495798241105 0.25463748774908473
2 0.44798502056503253 0.3587838911100674 0.10633775440066245 0.31307669220995626
2 0.37363361749006746 0.3775472189744172 0.18845885848674712 0.19654774273779743
2 0.37673337744209756 0.03446636200056917 0.08693048052440516 0.06893272400113834
2 0.1688426420579717 0.045708639734412075 0.09249297642363573 0.09141727946882415
2 0.5178232718625844 0.4689763527136864 0.10211535385961476 0.10503899383110411
2 0.231835507760836 0.4916469313889941 0.189674346172202 0.1461719795781879
2 0.8568494934020248 0.4564467497971776 0.16777442463765624 0.17372305854670408
2 0.7470375702639157 0.03519729992321486 0.11426744822013919 0.07039459984642972
2 0.08304878776377295 0.5219620486561551 0.11368830720877486 0.22222056669588156
2 0.7156099672550316 0.5151879966258531 0.1446861446347196 0.15075836626073086
2 0.6089464975150314 0.5478606645403105 0.20000999130880986 0.20863105041924543
2 0.4782585518777584 0.5831353364804885 0.13596542002276119 0.17547372052031618
2 0.0524239312906989 0.06319291194917828 0.08020144668388032 0.12638582389835656
2 0.8517167630857337 0.04139406009068261 0.13008824719678266 0.08278812018136522
2 0.23931361547027577 0.6174988342287178 0.20628491284335557 0.1801699188340109
2 0.8212541693188771 0.6016457214216602 0.17996148310115273 0.18884617594417982
2 0.7120889539367092 0.6260449358925357 0.11818174362237627 0.24710500393884433
2 0.34635553958768767 0.720713478054008 0.20427266464279592 0.21368375689297744
2 0.08919994369090443 0.7405020365138354 0.16295973950936962 0.17284208081848307
2 0.578648363181184 0.7348469276673412 0.16145754617954425 0.19857842090116926
2 0.15336339292705803 0.7764552835379832 0.21461488156734132 0.22509609898852398
2 0.024883494466988034 0.7947630243063585 0.033285331825627956 0.2283476032097171
2 0.868703422672932 0.7516297983881752 0.1463648426100329 0.3466368257754723
2 0.6079641343705589 0.0689541095768 0.10113762207436959 0.1379082191536
2 0.22390008421873592 0.8433085103249314 0.10966381080765555 0.2892482428138142
2 0.7458144124271272 0.8369652152744833 0.1848181251530057 0.19333292290317006
2 0.5247724514027916 0.8594613446188066 0.16456025336017355 0.20716689255823056
2 0.6405139569358037 0.07680902051954809 0.11756637541006884 0.15361804103909618
2 0.47224472616657287 0.06988985292369324 0.14103841848038373 0.13977970584738647
2 0.30033450576551873 0.9001963322592956 0.1533163836116074 0.1698782022851177
2 0.2781765271997193 0.13293753062728825 0.0982311349030405 0.23573359100223998
2 0.8492438307912576 0.11290676193949724 0.09113063950569857 0.14163357076504057
2 0.38788718258825067 0.15541331615641268 0.14226831283968444 0.14941643508892793
2 0.7509099087425863 0.13787786306033695 0.10212360977818016 0.2605830262214827
2 0.6755383959261525 0.17233619497212654 0.2085353379767819 0.21873646336670932
2 0.5640812195196487 0.2064908021532665 0.1440781902756635 0.15012240269854932