3 0.3483995145397693 0.2640757735042726 0.22450779235757123 0.2276908650864645
3 0.11177221829915097 0.32305764129539677 0.22354443659830195 0.26253856356305255
3 0.8833869501196809 0.3556174678564306 0.15336552713454665 0.35974212973847897
3 0.5552323029225048 0.4030099582445963 0.2308253003107115 0.23468655566203872
3 0.3021500633099094 0.5366651022659503 0.20870334128531726 0.2614298047249913
3 0.7061871778995575 0.5838717043189349 0.2585271685106206 0.2634243249637966
3 0.06693259023012683 0.6943587078257658 0.13386518046025367 0.2416912381946223
3 0.2368578459633315 0.07016588940887901 0.1410679619194908 0.14033177881775802
3 0.9278516542600919 0.050285088000822355 0.1418648550924682 0.10057017600164471
3 0.05976027104412681 0.07787963270579534 0.11952054208825362 0.1423176576653324
3 0.46900652669463716 0.7620445843058737 0.20251427482844792 0.2957849262075139
3 0.8325997671351083 0.777091212695571 0.1501499642091349 0.3421601996620953
3 0.22478890628388692 0.8340165377516533 0.2258216763685033 0.2301717339708101
3 0.6375193847470192 0.8746743653065263 0.1714519216445948 0.1691674488670249
3 0.0726418718630015 0.936038410526166 0.13724978049194397 0.11664557727801941
3 0.4923899704147348 0.09907009562143232 0.212335443785915 0.19814019124286464
3 0.7251678701414327 0.12606349327561894 0.24972184370312733 0.2521269865512379