21 0.9376907126995279 0.5497521245958009 0.06967342139633267 0.29389058947047886
21 0.8964895514544149 0.55770237238764 0.15175520898797254 0.1526095181043967
21 0.8645679981949582 0.5756598016945212 0.1797218639504949 0.18015375457699206
21 0.8171053890929336 0.5905767148856127 0.20522171464109681 0.2057971572092881
21 0.6125686056224303 0.5882606461525 0.23942883142117252 0.24019684366724642
21 0.7626830740016668 0.5979882419404222 0.18345354941741204 0.1839064476451328
21 0.7080508985168199 0.6114093843798472 0.09624547486359894 0.4017922609533199
21 0.5428837720337658 0.6191229393962843 0.25806627271640126 0.2583593474694893
21 0.32685812761149813 0.6355968683818258 0.35326622420151005 0.35525494378400563
21 0.4385530296079121 0.6425553534941938 0.12778547535050075 0.49729412588452604
21 0.22332252490624238 0.6637390255625131 0.44664504981248476 0.45535124624065826
21 0.12729697571295098 0.6906302850538203 0.25459395142590197 0.405299031646102