22 0.2096777624127712 0.4496738689703429 0.11624603381667516 0.10881639464255763
22 0.35264872925692886 0.4745514405776923 0.14540202744983974 0.1378233779185816
22 0.5853808753446917 0.484321463394189 0.13778105321265244 0.12996892241513708
22 0.35217547316013675 0.621228011465752 0.10882169615194283 0.07032338955343594
22 0.059710387964791126 0.713187909985458 0.11942077592958225 0.12408866983280885
22 0.2108984683246371 0.8163792813583073 0.18265908742963413 0.14945492095852642
22 0.11907394757204906 0.9396808848239588 0.13598072400208897 0.11854366060046054
22 0.23372810597414245 0.22017648711710924 0.10432384363126126 0.09913458048005268
22 0.6189359557117127 0.3258144615023983 0.10751762168156077 0.10275783117059042
22 0.14146776519588244 0.37473508316666826 0.12212711355780834 0.11786228434706394
22 0.6026963869473332 0.40627338181717043 0.12209561849814293 0.11726132280860241
22 0.4662491780617196 0.41750245060486524 0.12649131962536558 0.12089156608304755