2 0.4065917304759618 0.3407788021050292 0.22571428505600982 0.2307416490782083
2 0.7600410403017631 0.35878310739822233 0.17008861526730795 0.1366151634392465
2 0.52471589285609 0.3600013910489141 0.2586867617476499 0.40920069362333555
2 0.6428690352454063 0.4320596207649572 0.18140997669164 0.18450740918359435
2 0.2651864433292204 0.4562960793793931 0.16816135024487197 0.20858362421725937
2 0.7647398471460474 0.5090724666260642 0.1426846849418804 0.27478938774466416
2 0.871766951132479 0.5158350532886034 0.13513644069962621 0.20843874545160873
2 0.60991758066218 0.6156375616249371 0.16048772065651726 0.16264118692566792
2 0.1737873541599364 0.6050713157645031 0.1844842195897704 0.16181779455942766
2 0.2871607793116993 0.6781355701076404 0.24167498589767653 0.24580139596322928
2 0.429575178861539 0.7091549589929774 0.1894203120607108 0.29650664109349817
2 0.7759528255764963 0.7328750319960426 0.2757069979679224 0.2892155054981105
2 0.5728008554454066 0.7750301171090836 0.1711262052100697 0.3101706115234879