12 0.7187550246952459 0.2542668592813744 0.0679811038691238 0.13258913799253796
12 0.4851913017292737 0.2904861823740863 0.08190314187732393 0.2402276829242736
12 0.835510418516667 0.3124898019954949 0.13642228898696593 0.20749645716862936
12 0.6907491278923079 0.34218205849444394 0.15310833177414532 0.14990903823493262
12 0.9047473857248934 0.3433412247127733 0.08737871858167742 0.0882368580728099
12 0.16391617415710502 0.380107572060561 0.16602226231829606 0.16260265267365265
12 0.5194626093042738 0.42011206750018626 0.10423813895446074 0.3220773260814686
12 0.8877546221052354 0.4396069522091377 0.10380151055016039 0.14842041921780608
12 0.9450562837546479 0.47413406999625923 0.1061214314935899 0.14482863515485178
12 0.7902040323225432 0.48344957485877516 0.16779767433306658 0.18724906833448307
12 0.8896299567435904 0.5718254832545836 0.11682633643581725 0.11424602624043359
12 0.6990836889155988 0.5969757656343215 0.21212945529805027 0.20733602841633392
12 0.5904919908794877 0.6312659369237408 0.15533134491113806 0.1937862231265324
12 0.8373058477008019 0.6478613033765703 0.15725911240309834 0.14752966612476223
12 0.3843507079997336 0.7610884157543973 0.13588975771527792 0.13298421898330604
12 0.7167957648464746 0.11844255900515929 0.16135344042224903 0.11690859799885349
12 0.3838361024076924 0.17086726656218523 0.11366766585774576 0.10761796785758822
12 0.758948002688248 0.17349327269076925 0.1337376871926817 0.14378754150779882
12 0.6006018823059296 0.1876374476126997 0.1567980262153314 0.15353578521742403