14 0.9338942307692307 0.296875 0.12740384615384615 0.19471153846153846
14 0.6566737768979481 0.29003919671885736 0.3031172740254353 0.28720919240910814
14 0.12790218736951878 0.3737161615907586 0.2164594197310173 0.228201553950748
14 0.42878596330639 0.5126976670259085 0.2941118166361588 0.2792008669181359
14 0.9314903846153846 0.5745192307692307 0.13221153846153846 0.2644230769230769
14 0.1457352078034203 0.6248901095975428 0.2244382700376209 0.3651648345797009
14 0.589410463790501 0.7324008292887291 0.3471703286067476 0.33022765248613806
14 0.883554594656554 0.7824400270315711 0.17344406703243956 0.1672101978601498
14 0.39393587170872724 0.8286345808967952 0.3368263337134367 0.3203884673096422
14 0.8293269230769231 0.8894230769230769 0.33653846153846156 0.21634615384615385
14 0.5994698745633767 0.10513786342462657 0.31968748021515236 0.18921100150419365
14 0.9567307692307693 0.9086538461538461 0.08173076923076923 0.17307692307692307
14 0.18389423076923078 0.8978365384615384 0.24759615384615385 0.19951923076923078
14 0.6610576923076923 0.9411057692307693 0.1971153846153846 0.11298076923076923
14 0.8485576923076923 0.19110576923076922 0.2980769230769231 0.3245192307692308
14 0.2816902888649643 0.186526902179434 0.30838105746097 0.33292423193739334
14 0.07439513055045752 0.1901006765838676 0.13093930929172065 0.14462443009081208