2 0.3410504289198016 0.3871379040173814 0.12810252308139922 0.1272689795389853
2 0.4260434757738979 0.406579069853797 0.11897769907230135 0.13260622173183625
2 0.18055663335173527 0.47934923437813615 0.11370402378015737 0.11192138947723206
2 0.2965299214638947 0.47849229453850034 0.13655275186957194 0.13562778275729398
2 0.3966819853335395 0.47632411498163574 0.11370402378015744 0.1119213894772322
2 0.2412168823035981 0.4968655639631938 0.08824273811738159 0.15137061605578472
2 0.48039937624520757 0.5393706981831644 0.09530710839703414 0.15007201133422343
2 0.38530018580335695 0.573822707519011 0.1316470466236637 0.10481065099781439
2 0.19235466552445055 0.6090728800368579 0.09682774709348124 0.1979808411132054
2 0.45937781284388823 0.5928183701192385 0.12930444615832243 0.1273530261879558
2 0.2963576797449664 0.6392725769079457 0.14656068415302725 0.1118288261700766
2 0.2598827629643268 0.710723825006531 0.1490381639893372 0.09825885073237281
2 0.40310783336068756 0.7031261199328799 0.132456422032516 0.12936602742576697
2 0.4762043391886456 0.7101025517638766 0.1248524350859482 0.1240540552242512
2 0.6701064030582903 0.7013787335873081 0.15410322704500737 0.152988374056858
2 0.922044067861602 0.7224426157119394 0.10931315921324643 0.16061190908828438
2 0.6472205109869988 0.7912202844269566 0.13643006212647946 0.14876488995447745
2 0.7987609308005639 0.7818323297335886 0.13260359021440193 0.1311689120411516
2 0.3252032384928715 0.8149467094279914 0.14685502051679933 0.11543459540084583