4 0.8234058072176557 0.6238141559478639 0.05984132521110844 0.06087995827956733
4 0.4792106859130304 0.07246012990849399 0.1166568649781872 0.11808420965301826
4 0.3053280129764576 0.620170362256464 0.16380457575057575 0.16605023738843497
4 0.5348323874135988 0.6363309083452996 0.13549295389576316 0.1539745540094018
4 0.6369608860325233 0.6447184046917206 0.061651202410400646 0.062123843961698864
4 0.734274699759848 0.6541959238345091 0.13192914016843815 0.16110216726052376
4 0.2087406266203528 0.6924515874145836 0.12303009472598724 0.18072408500371265
4 0.10175548760638418 0.6923656523260685 0.10456421207792871 0.10518426664393707
4 0.9418787406238928 0.7155259955839217 0.1051756624922515 0.10700113879439116
4 0.41652647466598974 0.7225316591639962 0.15775999744642333 0.1599007466531252
4 0.862383995533192 0.7425257948009089 0.1480851758678259 0.14946059993816782
4 0.6266881985298434 0.7574753733613787 0.13845930237658008 0.14743391476167225
4 0.3140553394356027 0.7730383935868057 0.10158737472125058 0.10992202127628194
4 0.8384947823222343 0.09644967588002205 0.11726132280860241 0.11869915872654922
4 0.7611077907958207 0.7942624273707805 0.1207761884485756 0.10315808393696593
4 0.04226688720502455 0.7931583354277243 0.06810834316508942 0.13918679623547037
4 0.5013595470861956 0.8110563506823187 0.12814156375607658 0.12976824205010692
4 0.13894758121737386 0.08497587736688048 0.15471673054262494 0.15322023205470098
4 0.20431672507241802 0.8329926622041669 0.08715380892231253 0.10778343581923075
4 0.10687005225085257 0.8463516815229167 0.11633910308797525 0.1667481067333334
4 0.9361130643208869 0.8800775568418276 0.11368002762150908 0.12282196428536342
4 0.37720484838384133 0.86947299538109 0.09913108418809895 0.10085164805908146
4 0.688446984635659 0.8863339231624471 0.09007120931577799 0.09282933503303945
4 0.8097573043980011 0.903582482169552 0.1403495942908073 0.16249991582841888
4 0.5921183238841279 0.914143994474413 0.14023421665633506 0.14266818505918813
4 0.2759985694855439 0.909190397181731 0.12583911006888784 0.14714017652521386
4 0.38888464796220723 0.10161199964807725 0.12126916561404705 0.18789366086004286
4 0.03354036210102894 0.9143007905657051 0.06708072420205788 0.09783235036217956
4 0.43693738786681047 0.9333717488880345 0.1305628913696913 0.13282899988269256
4 0.5276442307692307 0.9543269230769231 0.09375 0.08653846153846154
4 0.15865384615384615 0.9471153846153846 0.11057692307692307 0.10096153846153846
4 0.9543269230769231 0.9615384615384616 0.07692307692307693 0.07211538461538461
4 0.6899038461538461 0.9603365384615384 0.10096153846153846 0.07451923076923077
4 0.34975961538461536 0.9627403846153846 0.07932692307692307 0.06971153846153846
4 0.8485576923076923 0.9711538461538461 0.13942307692307693 0.052884615384615384
4 0.6183330817280892 0.12738793035229753 0.0987433964588132 0.13749631437016568
4 0.23842749324569332 0.1353747312653314 0.137945748136961 0.16244396568814115
4 0.9065149168333317 0.18217887026255417 0.14015030564944636 0.1282451081361112
4 0.7850227898893973 0.1961803112554494 0.13116385290815286 0.13284298741776188
4 0.05250701585361588 0.1911347492399573 0.10501403170723175 0.12265411386453
4 0.046388241514841076 0.193398720043109 0.09277648302968215 0.1554132602434563
4 0.3147849722274204 0.02776216068408146 0.07175217092977458 0.042529901288648565
4 0.5469091615643875 0.21347778582948765 0.16078578289045325 0.1635764535592416
4 0.6911189530434345 0.22044056347692365 0.08677661006888772 0.14623098674569987
4 0.45546511154353014 0.2281786035758551 0.0528815197702364 0.10398133862796481
4 0.13442578349473544 0.24234387523338688 0.10880240947474278 0.11069083323557703
4 0.6367247408899707 0.27206630070528903 0.0939601781947966 0.14159114485884083
4 0.3818820856627413 0.2721452012204597 0.13830196923866359 0.12039064553090288
4 0.24482789197397356 0.27496565860924166 0.1372049349203516 0.1383915166146102
4 0.8420508021105023 0.3117058069298084 0.1142390336565264 0.11562441335889431
4 0.9669179430162617 0.3374517526857914 0.06285002987294473 0.1649022545736913
4 0.7432763397016805 0.3466714665630348 0.0927862254535031 0.14637086209639433
4 0.5743234384198236 0.04702592968023552 0.06709831546804505 0.06886030870040069
4 0.05688116795904949 0.3450928033666667 0.11376233591809898 0.13249329904102572
4 0.4642903341773788 0.36421971182927393 0.14023421665633506 0.14266818505918813
4 0.6204634157543973 0.3810776247934834 0.14937100995163768 0.1639116519313837
4 0.9039774102300957 0.41171820288472294 0.13237976115289085 0.1352748086417469
4 0.15515136297138904 0.39909742649588686 0.1305628913696913 0.13282899988269242
4 0.301674097013486 0.4217411542836007 0.16380457575057566 0.1660502373884349
4 0.8230499867935277 0.47835348857003274 0.09707686722962286 0.16089185176495738
4 0.05977289227611468 0.4702047036472222 0.09254148501674422 0.10430355440408662
4 0.9563305892377486 0.5042952598169881 0.07744052813222442 0.09073271218119672
4 0.9444178499374278 0.07246917435993669 0.10635660781745206 0.10342334463376077
4 0.7363716735769182 0.5003777450584942 0.09227267121388394 0.16138091302286328
4 0.4742825169686134 0.506298410537447 0.14265204797799613 0.1451279813533121
4 0.6195893427659727 0.531318009408868 0.1414046731056749 0.13728750628317327
4 0.37307623807031604 0.5460158123380879 0.10095145026325202 0.10389841835659734
4 0.15060858749702846 0.5600711935931625 0.17881812533625305 0.16459704114978635
4 0.026279802834299686 0.5607395804593482 0.05255960566859937 0.18337819938023506
4 0.8957309693502622 0.589434967848505 0.11243614904114178 0.11558245075368599
4 0.7112028175109064 0.07425354921453052 0.16413282651664873 0.11918922492350441
4 0.042067307692307696 0.05987335822409191 0.08413461538461539 0.11974671644818383
4 0.9592650704134076 0.6197638004120201 0.07020101933505611 0.08575716945267085