12 0.9482116175785473 0.2856075724792028 0.10250380389069463 0.37482082107362946
12 0.08503505599837093 0.2639590981344239 0.15187704992729054 0.3942047145625696
12 0.3885901580829471 0.3747920027969457 0.18175730483658986 0.3672841289789026
12 0.17663214151004164 0.43335138684442226 0.16649282358539558 0.5315087451940829
12 0.7667064464401985 0.48318877828889656 0.2756257780854409 0.29039772101541933
12 0.09167400393465214 0.4410269040946136 0.18334800786930427 0.28109226972768875
12 0.8952213120801714 0.5070552104523407 0.20083383654382148 0.23874731172445168
12 0.5678577023709285 0.5618261816026365 0.19896262879966178 0.6399200398600112
12 0.35449497778778544 0.6551643121503828 0.3391008428629483 0.35874429898202653
12 0.8672686062638657 0.7649760949967368 0.25391424427784415 0.2757901580202751
12 0.04807692307692308 0.07880206306613295 0.09615384615384616 0.1576041261322659
12 0.7091346153846154 0.8004807692307693 0.14423076923076922 0.3942307692307692
12 0.20930622456170267 0.810585046028907 0.2526703656974767 0.26850159682823715
12 0.08091183555845421 0.8130068760967717 0.16182367111690843 0.23659067527046646
12 0.4855769230769231 0.8701923076923077 0.28846153846153844 0.2548076923076923
12 0.8713942307692307 0.9206730769230769 0.24759615384615385 0.15384615384615385
12 0.052884615384615384 0.9326923076923077 0.09615384615384616 0.12980769230769232
12 0.265625 0.9423076923076923 0.2668269230769231 0.11057692307692307
12 0.324986932535877 0.14707508304228156 0.2682953656974767 0.2695028923247302
12 0.8622815108400294 0.17549462819093276 0.23216774755071048 0.2551729796405151
12 0.6180883412913303 0.194714783130308 0.2979942141027584 0.31465917999119825