12 0.717251008364864 0.25841346153846156 0.0672116071419517 0.13221153846153846
12 0.48348441807991 0.2932692307692308 0.08050755463122528 0.23978365384615385
12 0.8336636263714536 0.3173076923076923 0.17182832230153677 0.16947115384615385
12 0.6887344455520754 0.34615384615384615 0.15224089909987865 0.14903846153846154
12 0.9027187125350759 0.3485576923076923 0.08686805257182684 0.08774038461538461
12 0.1616986244978906 0.38100961538461536 0.13319590503113837 0.19411057692307693
12 0.5170002197773228 0.4230769230769231 0.21337554539068007 0.20853365384615385
12 0.8851663149320198 0.44471153846153844 0.12655994193221923 0.12379807692307693
12 0.9375 0.4795673076923077 0.1201923076923077 0.12740384615384615
12 0.7873638898567984 0.4879807692307692 0.166713383490233 0.18629807692307693
12 0.8862721528432025 0.5769230769230769 0.09136545672981865 0.1388221153846154
12 0.6955859765193615 0.6009615384615384 0.12117803914631481 0.29747596153846156
12 0.5867984065890611 0.6346153846153846 0.15420857923194584 0.19290865384615385
12 0.8335073320384881 0.6526442307692307 0.15640567057841645 0.1466346153846154
12 0.3799086132565122 0.7632211538461539 0.08788252372503919 0.18028846153846154
12 0.7160822315176419 0.12259615384615384 0.13942140016139548 0.13762019230769232
12 0.38282876123757614 0.17307692307692307 0.11068318618806217 0.109375
12 0.7579126798189618 0.1778846153846154 0.1329052316423772 0.14302884615384615
12 0.5994896097639262 0.19110576923076922 0.08623394480366396 0.22355769230769232