18 0.1251015447033689 0.28125 0.206712519354237 0.20552884615384615
18 0.47667149287995336 0.3161057692307692 0.1520984481129495 0.20973557692307693
18 0.08961911588102141 0.4519230769230769 0.16698611887973622 0.20192307692307693
18 0.26514184440248345 0.4543269230769231 0.16680475024820302 0.22596153846153846
18 0.4024067476236938 0.5372596153846154 0.21523087911943067 0.21153846153846154
18 0.5432205644318115 0.5480769230769231 0.1614336491622462 0.15925480769230768
18 0.17464977272335525 0.5721153846153846 0.14749310408213684 0.18689903846153846
18 0.341465948426055 0.07572115384615384 0.13966266608287914 0.15144230769230768
18 0.23907381680304807 0.7512019230769231 0.1931871606505602 0.18810096153846154
18 0.38990163148813234 0.7848557692307693 0.18526976242382803 0.18209134615384615
18 0.11579414772145413 0.8497596153846154 0.2057413723761245 0.21875
18 0.14620285589333226 0.11298076923076923 0.16508137768370826 0.16165865384615385
18 0.2833148183049403 0.25600961538461536 0.1688069414943786 0.23737980769230768