27 0.23075275585177485 0.16466346153846154 0.12372451905299296 0.12139423076923077
27 0.4487904462307884 0.1814903846153846 0.11379438293022058 0.11057692307692307
27 0.3508622569378716 0.203125 0.13057990270403808 0.12980769230769232
5 0.7042975863326758 0.20552884615384615 0.1861352815333863 0.18028846153846154
27 0.1454733003428645 0.20793269230769232 0.10771482276618563 0.10817307692307693
27 0.28723952737649494 0.28846153846153844 0.14902841753440135 0.14423076923076922
27 0.45084095539687247 0.2932692307692308 0.10824583952522761 0.10576923076923077
27 0.1169161743505156 0.3004807692307692 0.11317593519690408 0.10997596153846154
27 0.0387911743505156 0.3004807692307692 0.024170113638572594 0.08713942307692307
5 0.857755430801358 0.3161057692307692 0.17569161484642684 0.17247596153846154
5 0.6001463342262207 0.34375 0.1534100102521809 0.1502403846153846
27 0.3684899318874546 0.3545673076923077 0.09003570050943702 0.1201923076923077
27 0.1883063875181223 0.3581730769230769 0.11817597564800006 0.11658653846153846
27 0.05442542308664252 0.38341346153846156 0.05875253466505951 0.05709134615384615
27 0.10440371703468378 0.4074519230769231 0.08842053966939259 0.08533653846153846
5 0.731305087905802 0.43149038461538464 0.15454661291774785 0.1893028846153846
27 0.17145374078761638 0.43990384615384615 0.12004880504280416 0.11899038461538461
27 0.40710060864395897 0.4423076923076923 0.13448293724734034 0.14002403846153846
27 0.043127750674525185 0.4495192307692308 0.04885737093199686 0.047475961538461536
5 0.8900509894019859 0.47596153846153844 0.1805517657386838 0.17427884615384615
27 0.08882293816052043 0.49158653846153844 0.09398656926924034 0.0907451923076923
27 0.315204145298576 0.5060096153846154 0.1224876235863601 0.1201923076923077
27 0.20974966603673298 0.5168269230769231 0.14170090662227444 0.11959134615384616
5 0.6304227429598099 0.5168269230769231 0.12769749837571442 0.13401442307692307
27 0.4304360092975609 0.5420673076923077 0.11875945099160663 0.11598557692307693
27 0.12205350254718504 0.6009615384615384 0.1727456966520794 0.15384615384615385
27 0.2651522934804507 0.6033653846153846 0.11441283066353694 0.11117788461538461
5 0.7319880607825411 0.6201923076923077 0.14930819665207934 0.15384615384615385
27 0.47855715350032063 0.6262019230769231 0.06426429913501043 0.12259615384615384
27 0.3289112995100019 0.6466346153846154 0.12507095605681848 0.16766826923076922
5 0.8880853093969107 0.65625 0.18608282294882164 0.17848557692307693
27 0.4302575342583477 0.6598557692307693 0.10859556342232515 0.11778846153846154
27 0.2603719153622078 0.0673076923076923 0.11339220044855836 0.0967548076923077
27 0.1762542069139797 0.6875 0.11164820533113406 0.078125
27 0.07529266845244123 0.6875 0.08594674873612693 0.0829326923076923
27 0.23367598422473626 0.7608173076923077 0.12796622221193343 0.12259615384615384
27 0.3712286175568089 0.07692307692307693 0.10393419158686762 0.10216346153846154
5 0.5909618895782779 0.7716346153846154 0.13980416011921987 0.13701923076923078
27 0.3507521361422113 0.7776442307692307 0.11594699144270261 0.12259615384615384
27 0.48059480083961337 0.7788461538461539 0.06878578141162897 0.13341346153846154
27 0.09519716182382273 0.7932692307692307 0.10920114932885018 0.15925480769230768
5 0.8298519409415008 0.8028846153846154 0.1832179048153528 0.18329326923076922
5 0.953125 0.8569711538461539 0.0889423076923077 0.18509615384615385
27 0.4325271264988172 0.8617788461538461 0.1286371285298145 0.125
27 0.1628638267647395 0.8882211538461539 0.13363716898091044 0.13161057692307693
27 0.298716106846757 0.8894230769230769 0.13498360598473597 0.1778846153846154
5 0.725433771544159 0.890625 0.1799682903950769 0.17487980769230768
27 0.4868456098615325 0.9110576923076923 0.06435173010928476 0.12560096153846154
5 0.5914828623332598 0.9134615384615384 0.12307109892996675 0.11959134615384616
27 0.4570197970845742 0.09254807692307693 0.07452204859196201 0.10336538461538461
27 0.08819184460987829 0.9242788461538461 0.10018853279725937 0.09735576923076923
27 0.40344541466082195 0.9362980769230769 0.10020601899211429 0.09795673076923077
27 0.22326187029148975 0.9399038461538461 0.11752255552497391 0.11478365384615384
27 0.15187122510495168 0.09735576923076923 0.11132059199695486 0.10817307692307693
5 0.8628722389709755 0.1201923076923077 0.19728482692793664 0.19170673076923078