6 0.33059849926172113 0.3654990430043321 0.5303146728000695 0.5653694195079328
14 0.859375 0.40384615384615385 0.2764423076923077 0.4567307692307692
14 0.6844689175682214 0.5302196928779522 0.5807839065366167 0.3704575690251403
6 0.35170088501292196 0.7887858264748354 0.42445596260328927 0.41056934551834157
14 0.16842283608768702 0.8048229391337747 0.25119639585995474 0.2893925832709123
14 0.8245192307692307 0.8161057692307693 0.34615384615384615 0.31971153846153844
6 0.6760033466933605 0.8304638968422673 0.32873565462702736 0.3016941809241237
14 0.8209134615384616 0.11298076923076923 0.35336538461538464 0.22596153846153846
6 0.10678298296277408 0.1658653846153846 0.21356596592554816 0.3317307692307692
14 0.6300816578073094 0.15146130253816095 0.22088058178578568 0.19059641092736068
14 0.6988652386915419 0.32252356583671393 0.24175926896811253 0.23569714595425523