10 0.7336408042231987 0.3699714345459366 0.11069551186562712 0.11316533587864058
10 0.43408536966167743 0.3945488025774016 0.10066027374770889 0.10347853960995292
15 0.2613179961169529 0.41481396155359274 0.4126320404619421 0.821336693187917
10 0.5658523783145274 0.4456931483585303 0.10626485922837844 0.10806348029955123
15 0.8954326923076923 0.5588942307692307 0.20432692307692307 0.7956730769230769
10 0.7328209807822165 0.6610301824505975 0.12144367245601619 0.12529800162565946
15 0.8966675765091391 0.1405716601851301 0.18275822994135502 0.16852081074970254
15 0.6262019230769231 0.7211538461538461 0.6081730769230769 0.5528846153846154
10 0.52847435229016 0.7749277881115177 0.13150690080743688 0.1355857594328088
15 0.35323040433889474 0.09897680561966529 0.22028292406240488 0.1639567417307369
10 0.47348200642555455 0.1600979926033961 0.1144972127309122 0.11762420659478295
10 0.8402661334852825 0.2156962508135249 0.11263834764852294 0.11629621354440409
15 0.5586835646106031 0.2403323955026253 0.5206123215288986 0.4389356297913649
10 0.7283950318125607 0.07729053031949974 0.09200640977896768 0.059146090732922506