22 0.28720014362563046 0.2758034815163746 0.08013906336022035 0.09922599931268888
22 0.5122136370808987 0.3399067476236938 0.08012042228078925 0.07521900724224702
22 0.3408119498798955 0.34654302259988745 0.0813133796700659 0.08304199706492017
22 0.4237446421875878 0.3479906181287901 0.10353999090549647 0.09123213068115564
22 0.5854577998637585 0.3580344087120947 0.09951541270574715 0.09356254807628926
22 0.21246005871977922 0.40447827297536054 0.11447598164962244 0.10882785245931167
22 0.7389202977873797 0.42931333728243687 0.08207856240271602 0.1010603533960932
22 0.4624048451856241 0.44133592157503077 0.1014093736058727 0.09479594062123198
22 0.5222457015528484 0.46163665271846727 0.08787841845077246 0.08255642357586404
22 0.3454719329604154 0.45975456792946723 0.05426114475165032 0.09037196522195255
22 0.1975070360552738 0.5065158566417435 0.10435967746816346 0.10204943837346346
22 0.5393444340757173 0.5377564198262029 0.08141342164245312 0.07644190996451651
22 0.3305920552053579 0.5449442488735807 0.10533390983323457 0.09906561032650202
22 0.4631306166469973 0.5905841795669565 0.10210141142907503 0.09600835352082845
22 0.6132978563529339 0.610054537957528 0.08451001532363979 0.11730729457990098
22 0.5238270223274744 0.6313595623087781 0.11197209352338898 0.11538598026902246
22 0.3407883408714963 0.6486243281691616 0.09060103160121138 0.08680511363578756
22 0.39822535108487445 0.6688831000219052 0.08403670252464306 0.12690169954993935