27 0.5576521867168922 0.16664051767180954 0.18679286961805808 0.1852216638531698
27 0.6504182789600365 0.18884698624928872 0.22433467954454217 0.1836624025265118
5 0.05735960707910041 0.2685754293553748 0.07314554021874914 0.07385921258991382
5 0.13355407372425104 0.27281182843664326 0.07111496489151256 0.07072833492415033
27 0.8297034819580726 0.268367832581928 0.13964393105969736 0.1388847303965134
5 0.018306137883284702 0.3296296030065051 0.036612275766569405 0.06361347810724993
5 0.26379779667207787 0.32109091144424756 0.0844637674771312 0.08122620935372586
27 0.38714049217145086 0.3184437219848947 0.1636099573928493 0.1632761318640073
5 0.06660926714724527 0.35161743830337283 0.058822505268059426 0.0662820992036754
27 0.6372853625820701 0.34638295597518237 0.17649441286711737 0.17553486758448214
5 0.09662006191145991 0.39734105520912 0.07300892579163797 0.07205632797452921
5 0.28080545291020587 0.39641710203688374 0.05952350877890819 0.0597555689295691
5 0.23134445418687818 0.4022668607985231 0.06625276875380347 0.07756166346532126
5 0.1728503913071962 0.43265936099244734 0.05742946393400836 0.07156468307637344
5 0.6400520944666028 0.4203138602016192 0.07227134982606523 0.07021142003465942
5 0.23243595019549101 0.46675047370751643 0.0574473953093012 0.05602372972534407
5 0.06871911425502303 0.497327540549312 0.07167038828760369 0.07016939671017411
27 0.724021069248753 0.5112820841106255 0.18882344494529454 0.1883525415189333
27 0.47392999296401206 0.5299657101734261 0.20218121321855959 0.19107993927299424
27 0.8788869936023483 0.5028439125472686 0.1631000721391286 0.16443603161644496
5 0.055841495355986294 0.635716787693407 0.07296338764926756 0.07145536643606767
27 0.6806220606276425 0.6422411595125704 0.10357656336022049 0.10468046268687593
5 0.018277578869496398 0.7244992387627386 0.036555157738992795 0.07085440489760614
5 0.1083538100842819 0.0689386452708732 0.07577707708444725 0.0770321135801627
5 0.14978874048420748 0.8001116359350267 0.07434746329567223 0.07394325923888445
5 0.5387729479505967 0.8733377802362785 0.058458200129096236 0.06147440689598309
5 0.41499280240281256 0.8975355384312761 0.08792395659314287 0.08744594136076791