7 0.113362690717758 0.1508318232562197 0.18425487895188858 0.18162967876266953
7 0.3955347114596585 0.16670487713910515 0.19368915553134544 0.19095889242996295
7 0.6777067322015591 0.18257793102199063 0.22841648326584393 0.15077269467695606
7 0.09139550645846316 0.30035868253343156 0.18279101291692632 0.19155985396842448
7 0.37372221289198687 0.3248550583483588 0.25402074091675775 0.159466608329993
7 0.682448502260204 0.33924765180915106 0.24657211395228704 0.16700628981833862
7 0.07855958802664567 0.4874389617462711 0.15711917605329134 0.18641638503100375
7 0.34844223929738344 0.5057578338617188 0.2313982716156707 0.22767478556067508
7 0.69202429789637 0.5213676176052764 0.24529119106587854 0.24255955534962842
7 0.31430096042828237 0.6959821894394511 0.3327154873688455 0.3290102686665473
7 0.06231217503490094 0.7190323668839806 0.12462435006980188 0.18325704146026894
7 0.6406345854841382 0.7459021053904693 0.32639797941570536 0.32218983134989004