3 0.6240086557954483 0.23554389940266124 0.3806367141782937 0.2502057390258368
3 0.1375025204139907 0.2880830840841267 0.23694746952277315 0.2383181087499286
3 0.33767905407051685 0.3987422368775545 0.27864806723751717 0.27906503644786546
3 0.8834134615384616 0.44591346153846156 0.2283653846153846 0.25240384615384615
3 0.10384248303138653 0.4940175138324482 0.20334956404018617 0.24754189541202665
3 0.5573310973945713 0.5512449271042692 0.22091380404176503 0.27118218720926446
3 0.2848511807123101 0.6157177445772046 0.28888149417355713 0.17883033029548764
3 0.7936981824530303 0.6843210491235714 0.3088845432485189 0.2085082087597183
3 0.1052479923967736 0.7356040522939866 0.2031677568585938 0.21629189541202665
3 0.44579779303263345 0.8013576542990937 0.23096972144331573 0.34701522618492875
3 0.6362960088186084 0.9013113845297241 0.2396376109392478 0.1842665343913623
3 0.2816587752872268 0.8934179179111906 0.24155936948105824 0.2047202051608378
3 0.47051832237342234 0.09546945587542933 0.2925991447468447 0.19093891175085867
3 0.2509020433240544 0.15213906355580575 0.27684867891408627 0.27964501952454374