12 0.3022315848489028 0.21483288961239771 0.1256774642875168 0.13671334915002614
12 0.3817544063756548 0.21825592532722662 0.1505862477329546 0.14375400880270459
12 0.2238086470307173 0.26792121815829983 0.13410214694323214 0.15187375530631636
12 0.5676076216431745 0.26312296266614815 0.23204152138004594 0.22684845498099077
12 0.5234751999407791 0.33124886114235064 0.11941175472336159 0.11558528689981341
12 0.42055058683750945 0.34387041833445003 0.22203433986500348 0.21706523320283494
12 0.2980748244507776 0.3784832448820539 0.19942940827677624 0.23708882242627213
12 0.1992416365594073 0.4619972839672685 0.17197394498356275 0.1675481627735936
12 0.5435527995309444 0.4992873158127708 0.27834922319334565 0.27269681724342365
12 0.3094675570622455 0.5695260751767839 0.2439781141850581 0.18081568244093604
12 0.8384565446023289 0.6228369905150539 0.21452895372872158 0.20972781686921793
12 0.8619215727389269 0.7559357573733193 0.22458510985622127 0.2207129617242969