21 0.702309523600304 0.14380116256638809 0.17925847027753103 0.28760232513277617
21 0.09714870254611929 0.18979830915375337 0.19194768481344007 0.2646341509232625
21 0.9495192307692307 0.2247596153846154 0.09615384615384616 0.4495192307692308
21 0.4269520741738325 0.26875585273035163 0.3393568703141912 0.45428431139677805
21 0.15601860014664043 0.46100221532233887 0.3024704820153155 0.4049186462783992
21 0.8401442307692307 0.4879807692307692 0.31490384615384615 0.4423076923076923
21 0.3183499675282867 0.594451452528295 0.46772882180006126 0.4820264129516386
21 0.8739178715029781 0.05512338482505473 0.17572035839057148 0.11024676965010946
21 0.5202250018684934 0.6500378718308576 0.4439241780064989 0.45976445177853836
21 0.8942307692307693 0.7560096153846154 0.20673076923076922 0.29086538461538464
21 0.8086533941003305 0.7708635311224877 0.1964285158565815 0.3837505157773083
21 0.19644887174737874 0.8474596458272364 0.22441313935912505 0.23271253305100714
21 0.4352478471466582 0.8818626021997821 0.20279205544327156 0.19795635980887574
21 0.649441910583123 0.885073437882016 0.1884664285703421 0.1683858195904204
21 0.24202102772163578 0.09034853355614877 0.22442667082788695 0.18069706711229755
21 0.48670374063345206 0.12358444751807028 0.2690385988992883 0.24716889503614056