14 0.6027731541502216 0.33779226394148165 0.16120138438733372 0.24406777158559884
14 0.2529553889886114 0.34928488631026816 0.17114420227425817 0.16756436333903893
14 0.5211479517782275 0.39561521245650144 0.23232966362810714 0.3631262944350707
14 0.7420929073649845 0.529663812655201 0.24367905038666693 0.23866836647557194
14 0.3860436604059941 0.524119677608806 0.203857799347658 0.26570701133827773
14 0.236725182677773 0.5245907935924886 0.1314338844416316 0.18620703285813806
14 0.6582857252519088 0.6042787118574341 0.21499068604106022 0.2096362953994101
14 0.5058052111184478 0.6383687016052533 0.23399958885906494 0.22698780432197954
14 0.2028280047207329 0.7138301643418495 0.1239773318140535 0.1817904677506486
14 0.32530785901289705 0.7607365236408946 0.1421159895990516 0.29750732083750686
14 0.6932600371871285 0.8099695581330375 0.1824865403223649 0.17689353792334991
14 0.18882607365752568 0.8302068684651294 0.16153474479409605 0.15708572426236983
14 0.44122991981137183 0.8375510703041779 0.12655674887411467 0.12307109892996675
14 0.5023179845921291 0.8429404314101446 0.12277596952474568 0.1199613740685297
14 0.47173870864948575 0.1690370328069788 0.09772244929840582 0.10183404165895012
14 0.2952197329775633 0.20242757476060283 0.09880695124610875 0.18225797064366694
14 0.36819887470311663 0.23103817061491533 0.17934172453517747 0.17440226079522925
14 0.6816907856377201 0.2437717335599305 0.13904229943453456 0.17262972420149095
14 0.20029151844153031 0.2406000853683363 0.1111347123059813 0.26000932963831885