5 0.2724728625497329 0.015625 0.06563119797745724 0.03125
5 0.4287757978728631 0.16826923076923078 0.05166970971167199 0.05108173076923077
4 0.9790917314999465 0.020432692307692308 0.03689694441185901 0.036057692307692304
27 0.11222242751987163 0.1875 0.16108868219497877 0.15625
4 0.24999598024380323 0.20673076923076922 0.09159943688597767 0.08834134615384616
5 0.4651122359428951 0.20793269230769232 0.05041183649447124 0.048677884615384616
4 0.7295073377958331 0.2091346153846154 0.07196302913819444 0.07091346153846154
4 0.08002529489134615 0.021634615384615384 0.04595333009399041 0.03786057692307692
5 0.49971622954241435 0.21875 0.038294692979754345 0.04447115384615385
5 0.8706628591894229 0.23798076923076922 0.05720425137345094 0.056490384615384616
5 0.6265325992233438 0.2439903846153846 0.03603072217660271 0.05048076923076923
27 0.9313454845694442 0.2644230769230769 0.12332551554786328 0.1346153846153846
5 0.7425316612119656 0.2692307692307692 0.04690398000918815 0.052884615384615384
5 0.7902169333069443 0.2860576923076923 0.05963607259743607 0.057692307692307696
4 0.2648926234811429 0.28966346153846156 0.0697135483396368 0.10336538461538461
5 0.31534541764177326 0.29086538461538464 0.02988123144129281 0.04447115384615385
27 0.38105953589059804 0.3076923076923077 0.15252135777075332 0.14963942307692307
27 0.844945893442628 0.31009615384615385 0.1008376605240117 0.09795673076923077
27 0.6392771719380873 0.3161057692307692 0.11359823065192326 0.12980769230769232
27 0.05030688917564075 0.3173076923076923 0.09818304367796486 0.1388221153846154
5 0.720392489625801 0.3425480769230769 0.06331177950355246 0.060697115384615384
5 0.9522797182615382 0.34615384615384615 0.03780563172184843 0.04927884615384615
5 0.4592954312321045 0.3545673076923077 0.04145336355782584 0.05108173076923077
5 0.012854463117200713 0.36538461538461536 0.025708926234401425 0.04807692307692308
5 0.3479911563315702 0.3858173076923077 0.03777765665170945 0.04807692307692308
5 0.4365977631822112 0.40024038461538464 0.040600626388114375 0.04026442307692308
5 0.1553197881120723 0.4014423076923077 0.05228465878520302 0.051682692307692304
5 0.555560172727457 0.4014423076923077 0.04308839775237717 0.043870192307692304
5 0.4653879668880873 0.4026442307692308 0.04427633329423076 0.04326923076923077
5 0.7838416321324249 0.4050480769230769 0.05531794401717413 0.07872596153846154
4 0.39324360226351457 0.45552884615384615 0.08367503660542205 0.08353365384615384
5 0.02116513323521614 0.5132211538461539 0.04233026647043228 0.042067307692307696
5 0.5865284121479697 0.5168269230769231 0.05038386142433227 0.047475961538461536
27 0.24990602539909146 0.5204326923076923 0.12670748421752148 0.125
5 0.40590424976784145 0.53125 0.04795204020034728 0.046274038461538464
27 0.08496281315924102 0.5324519230769231 0.11069083323557703 0.10817307692307693
5 0.35640160305288415 0.5408653846153846 0.05347259432705661 0.05108173076923077
27 0.9175598046252667 0.546875 0.10210952127628221 0.10096153846153846
5 0.5232730852542196 0.5492788461538461 0.0688742962354701 0.0673076923076923
4 0.853522180706677 0.5612980769230769 0.0904254888791933 0.08954326923076923
27 0.6971602804261214 0.5661057692307693 0.14883166332956732 0.14603365384615385
5 0.13069083528354652 0.5817307692307693 0.05042582402954063 0.04927884615384615
4 0.7942463483459934 0.06129807692307692 0.07193505406805546 0.06971153846153846
27 0.46026852905267046 0.6225961538461539 0.09249564406947122 0.17848557692307693
4 0.08057173208648448 0.6694711538461539 0.06087995827956737 0.059495192307692304
5 0.4984333960722222 0.0673076923076923 0.045422808700400615 0.06670673076923077
5 0.06926293240026703 0.07091346153846154 0.04487729483269233 0.04326923076923077
5 0.0005839387833397288 0.6995192307692307 0.0011678775666794576 0.05348557692307692
4 0.680777943654273 0.7019230769230769 0.07011818191760164 0.06911057692307693
27 0.8069239165909182 0.7043269230769231 0.14939066226282066 0.14423076923076922
5 0.19629104337371736 0.7067307692307693 0.049838850026148546 0.049879807692307696
4 0.5844562470795934 0.7091346153846154 0.0645416776506145 0.061899038461538464
5 0.4916563945252665 0.7199519230769231 0.0323130526652778 0.04567307692307692
5 0.10045698225998925 0.0733173076923077 0.02810632189604703 0.04567307692307692
27 0.67497621302922 0.0733173076923077 0.07638007540299167 0.10576923076923077
5 0.4541729785795399 0.7295673076923077 0.05165572217660251 0.05048076923076923
4 0.24059334185998868 0.765625 0.07685464665630352 0.07451923076923077
4 0.44412305704957256 0.07692307692307693 0.06634506473552357 0.08774038461538461
4 0.025121449761484733 0.7716346153846154 0.05024289952296947 0.07692307692307693
4 0.9339630818939095 0.7716346153846154 0.06025102167096682 0.05829326923076923
4 0.8714351068237707 0.7728365384615384 0.07808454480336544 0.07572115384615384
27 0.15506097790747797 0.7740384615384616 0.13833556647433237 0.13401442307692307
27 0.3297304701042194 0.8088942307692307 0.14510000628317327 0.140625
5 0.04350492737569377 0.8161057692307693 0.039259330430021416 0.06009615384615385
4 0.4567986154163988 0.8233173076923077 0.058015025937954226 0.0655048076923077
5 0.03890712970566232 0.08413461538461539 0.03042624283947654 0.042067307692307696
4 0.7329331973371788 0.8365384615384616 0.08361908646514439 0.0811298076923077
4 0.8338947357987172 0.8365384615384616 0.06150889488816784 0.060697115384615384
5 0.5943203925090805 0.8533653846153846 0.04280914952051285 0.057692307692307696
27 0.9030187977873391 0.8617788461538461 0.09394833783859505 0.13762019230769232
5 0.6477075542171467 0.8834134615384616 0.0391334426143966 0.0546875
27 0.5748529217327991 0.0889423076923077 0.10929459207625546 0.17728365384615385
5 0.1952529509614309 0.90625 0.039496616056677425 0.04447115384615385
27 0.27549015036853625 0.09254807692307693 0.10382898315077463 0.12319711538461539
27 0.05473153689197346 0.9302884615384616 0.10946307378394692 0.13822115384615385
4 0.5007642081219543 0.9483173076923077 0.07192106653298612 0.06911057692307693
5 0.320419796443215 0.9507211538461539 0.04919592588247868 0.04807692307692308
4 0.8937650792056616 0.9495192307692307 0.08730878090633026 0.08473557692307693
4 0.950059638330074 0.9579326923076923 0.05199142301826935 0.06490384615384616
4 0.19989178790924067 0.9651442307692307 0.05594637815625006 0.054086538461538464
4 0.6107536547259608 0.9735576923076923 0.056407464344017146 0.04807692307692308
4 0.7404774218232364 0.9771634615384616 0.06170421790961565 0.04326923076923077
5 0.4277815963322641 0.9855769230769231 0.02950356799441778 0.028245192307692308
4 0.16558362403589733 0.11538461538461539 0.06867947568354708 0.11057692307692307
5 0.6246902643503738 0.11658653846153846 0.0369109319469285 0.03665865384615385
27 0.8599035115154913 0.13221153846153846 0.1402223763001335 0.13762019230769232