12 0.6992597392193136 0.23862188997734096 0.10756831132050483 0.08958907084829572
12 0.5758661158775549 0.257177276409843 0.1729224126731958 0.1735023881722992
12 0.27409947941243057 0.24904613080596238 0.12065783009699461 0.12065783009699461
12 0.39925210052145255 0.2835012759942238 0.16297125142808283 0.16355122692718624
12 0.7427769729220302 0.33641264720111275 0.16794683205063932 0.16852680754974272
12 0.1658119239202372 0.3174679724943352 0.14223140213294114 0.171230177088117
12 0.2706425017518728 0.38250156442314 0.14551474717041904 0.14493477167131547
12 0.5990040670183269 0.4216461447605665 0.16237028988962116 0.16353024088782825
12 0.7185515263240518 0.4787699400955022 0.12999087330309841 0.23322651214352447
12 0.3467795468463767 0.4766178754645527 0.14914533197935675 0.24890111782516164
12 0.1314674277622817 0.4739125656820733 0.1958982198073192 0.16109968986110823
12 0.4710087822236457 0.5375153283451218 0.17787700725639416 0.17787700725639402
12 0.25481524948651385 0.560050403178027 0.20520072860173874 0.20404077760353173
12 0.6012476329855302 0.5986226416192711 0.19906519698097525 0.2002251479791822
12 0.3410827818080265 0.7086729734681386 0.24197957985052485 0.24313953084873183