11 0.8227785836727654 0.3406074366285218 0.2893559437163988 0.2904597546720647
11 0.6290727440456354 0.327215231259937 0.2606080011745439 0.260056095696711
11 0.44871094637383446 0.38750820444685424 0.35381818614154553 0.3196000465159077
11 0.767073889491771 0.5635274993310829 0.3178586059551108 0.3178586059551108
11 0.630888909302352 0.6310563902352906 0.39131059465230406 0.39131059465230383
11 0.277131076201938 0.6070191188933266 0.27050543334278304 0.27160924429844874
11 0.07748816385920036 0.7461240752951281 0.15497632771840072 0.40090199674410226
11 0.8581265004384845 0.81173650679445 0.1895838411547832 0.3479807132928171
11 0.5072115384615384 0.7728365384615384 0.28846153846153844 0.4495192307692308
11 0.18629807692307693 0.8377403846153846 0.37259615384615385 0.31971153846153844
11 0.7644230769230769 0.9254807692307693 0.3173076923076923 0.14423076923076922