10 0.6762902090325705 0.37278735767710186 0.41956501921657235 0.32263403785725625
10 0.14029339794701529 0.4081162185481259 0.2199786788766794 0.2079334936628418
10 0.2569712582417594 0.466465829127729 0.47302015552858073 0.3037214311942736
10 0.9134615384615384 0.48197115384615385 0.16826923076923078 0.2091346153846154
10 0.8366671534628177 0.5130915001725109 0.13893488587188058 0.1431830836773836
10 0.19653288805122687 0.629514805138731 0.07481832973421944 0.07072156615858287
10 0.45502337232018786 0.6322201337557447 0.4815830565139008 0.5404618181366291
10 0.7932692307692307 0.7259615384615384 0.40865384615384615 0.4855769230769231
10 0.2913127817531325 0.7586240404108329 0.24044181179544027 0.22727614423612919
10 0.19728513144220322 0.7724947032052254 0.31508280500894537 0.3046047910258353
10 0.7271634615384616 0.8713942307692307 0.31490384615384615 0.25240384615384615
10 0.14495213186813427 0.9307849349958868 0.17929962273901845 0.1356083315302351
10 0.7992788461538461 0.9423076923076923 0.30528846153846156 0.11057692307692307
10 0.3864920882102418 0.9502122979312126 0.3499118184399582 0.09815372515136207
10 0.3419443517761312 0.14256194574234932 0.29803288449470494 0.2822783105119623
10 0.4797176683419944 0.19262396129382411 0.6183848170627828 0.23788527712151392
10 0.16043598324672814 0.2724667328695958 0.29681758351790377 0.17894439252416097