15 0.6464713578953358 0.5130682879181779 0.29547499287986 0.29928381408281435
15 0.1745777250475635 0.4844868464765869 0.2615658662719718 0.3487441031020036
15 0.8677884615384616 0.5396634615384616 0.25961538461538464 0.31009615384615385
15 0.4093378387000609 0.5082563373856558 0.29415753570718756 0.2973898531826889
15 0.9423076923076923 0.6694711538461539 0.11057692307692307 0.18990384615384615
15 0.10372330232558297 0.6106873501452333 0.13997469273362337 0.1684900849058512
15 0.7979870035068308 0.7123350600250323 0.2805261347431646 0.3926419021767735
15 0.27359386892694043 0.685755877439462 0.33392038983303596 0.3392757180096532
15 0.5368150227730943 0.7057015837976945 0.3446373837351287 0.34786236642994994
15 0.17065649527217186 0.8525843996198563 0.24980998671096416 0.2772841838550973
15 0.7055288461538461 0.8641826923076923 0.33413461538461536 0.2668269230769231
15 0.9098557692307693 0.8894230769230769 0.17548076923076922 0.21634615384615385
15 0.40625 0.8581730769230769 0.3125 0.27884615384615385