22 0.11192990613541721 0.07464897654418935 0.08787029294310301 0.11637287400384763
22 0.7432757081159148 0.10149201017780422 0.08653378323453882 0.14869888084462257
22 0.9711538461538461 0.8161057692307693 0.052884615384615384 0.15144230769230768
22 0.5285829773920775 0.8205815653969434 0.11183734282826158 0.107617917002142
22 0.19610626486129792 0.1639156231991937 0.10903001676271273 0.11891026999676296
22 0.9639423076923077 0.1971153846153846 0.0673076923076923 0.15865384615384615
22 0.525878131207969 0.3360959163666374 0.1311689120411516 0.12687730587519017
22 0.8798653490324478 0.3916209941209527 0.07212334130712988 0.13980274040092658
22 0.0765352304116445 0.37435898115222765 0.10737847211211914 0.10386524549586659
22 0.45646047603460765 0.42359590617675746 0.141498693172786 0.13742942865876465
22 0.654138917201451 0.45567773962285707 0.09906169221829586 0.09638088852267374
22 0.7240520556272307 0.4952877914155708 0.10167565499456817 0.09946964037241365
22 0.6151895721960193 0.5502366467854937 0.086357173278413 0.18046589822565196
22 0.9567307692307693 0.5649038461538461 0.08173076923076923 0.15384615384615385
22 0.7092839954668666 0.6098749373045814 0.14664257207636064 0.14240500928132113
22 0.48662554630651544 0.6320742355077583 0.11539257207636051 0.14131373523470414
22 0.889832833627205 0.6713332944143013 0.12023816937105554 0.11630419705225765
22 0.6503727313812658 0.6761600325172465 0.0958047445790763 0.09267018909511429
22 0.5394783349241503 0.08478334425940834 0.09109785225350478 0.11109013639384191
22 0.6479035517941389 0.09216660057462144 0.10725240213866326 0.1020623608804819