21 0.6928304539969374 0.1886745790263216 0.23447423683797416 0.23843613749381404
21 0.6941163212312926 0.19114141529949832 0.21892554739248518 0.22262472254064336
21 0.8553571690596912 0.23918256270892682 0.18105925163589212 0.2548323513547072
21 0.9567307692307693 0.09014423076923077 0.08173076923076923 0.08413461538461539
21 0.8377403846153846 0.49038461538461536 0.31971153846153844 0.5240384615384616
21 0.25289612438080666 0.47394751504658544 0.4943758433508496 0.620971953170094
21 0.15438040415183038 0.4699842483384011 0.2923077534469719 0.46881465052295607
21 0.3839323936888962 0.06930970410097007 0.1386580566085616 0.10564408073238238
21 0.5974435938764114 0.5147992276366694 0.6642190270719319 0.6748626852609904
21 0.37306172720024044 0.5138373830141589 0.2662298929760713 0.8729544815253818
21 0.545409806783749 0.08976961086049834 0.14370422895211335 0.1299030076885009
21 0.78125 0.5817307692307693 0.4326923076923077 0.49038461538461536
21 0.7952419184688849 0.09806386337356633 0.2064694138608467 0.12359460433797166
21 0.26811661985008867 0.11962705702195803 0.12441050160327002 0.12709228116382706
21 0.07875841071955111 0.12529961816772664 0.15751682143910223 0.2505992363354533