28 0.505205021380688 0.1941593606358053 0.23423367811007212 0.24775623095506616
28 0.6716706578303958 0.2367809521681114 0.15436926301235068 0.23135802572333755
28 0.40875717618077334 0.3393044212008252 0.2120518953128738 0.20055604645219668
28 0.8869583396019691 0.36570414584789107 0.22447155443780475 0.6971106662076143
28 0.685689308639094 0.44884390484023334 0.18254202011473344 0.2546561163824971
28 0.5241389527488356 0.5001821097613914 0.24234630402723395 0.22809233734860668
28 0.28513699360234823 0.5730351354872637 0.23818582110451175 0.26823088255345123
28 0.6285736437727104 0.7896445879073805 0.43444778551905855 0.4108953146825495
28 0.09137633896363312 0.8337867744747179 0.18275267792726624 0.2733427797186667
28 0.3687015422701196 0.8837965546923254 0.14400662703960876 0.19756781187473968
28 0.2197720883916917 0.8956391352377933 0.21459235589383113 0.20240089035827408