28 0.6359978052863189 0.20907627064790793 0.06741723384488504 0.045456707499522346
13 0.5456843482140018 0.4103568312066536 0.2090703062506583 0.2055086697572734
13 0.3607373326628138 0.49918805891159235 0.21510564528885656 0.12382684861385598
28 0.4944305733189535 0.5080272667132558 0.05995445774198252 0.057430486473354955
28 0.4288144175441208 0.5252387819050858 0.06741723384488497 0.045456707499522346
28 0.545715707513047 0.5353778089583758 0.06626776935252657 0.04725259953099963
28 0.35407249060984003 0.559333160845098 0.06431856426490731 0.06286361436318472
28 0.48875782000464424 0.5609538376013156 0.07104048927050909 0.046078646789705996
13 0.696900346650595 0.5669556590468742 0.18433239691800168 0.18133035654066385
28 0.422009685932308 0.5805761915308991 0.05878750705476922 0.058625416966370705
28 0.2887361139526854 0.5861600606523126 0.06064285025471851 0.06043879045761645
28 0.3498114947107124 0.6194642776107888 0.07712004943454404 0.048517455863089184
13 0.5020231949766347 0.6450255197307644 0.2869237645917082 0.11403005749445375
28 0.2810442107713373 0.652321770554341 0.07773849716786047 0.04912191369350438
28 0.37167444190584015 0.7924433045130084 0.06552048734183039 0.06287060694709204
28 0.46817439886611933 0.9277221832444463 0.05693216385481993 0.056812043475124835