18 0.2996684324462129 0.7864386794472911 0.28812649569193055 0.27758842813250173
18 0.4994676794052032 0.7877637506274783 0.24092518399562124 0.22993718125468432
18 0.1703507684705997 0.7971179426831654 0.2650971657061248 0.3048025761721308
18 0.7231416712668851 0.8271727266529686 0.2943461232188656 0.2812990955900027
18 0.9158653846153846 0.8305288461538461 0.16346153846153846 0.28125
18 0.47712004770051347 0.9204997802226772 0.22951932982291232 0.14749006243604812
18 0.9939903846153846 0.9423076923076923 0.007211538461538462 0.08173076923076923
18 0.3008455254070154 0.9512489985031773 0.11066951409002261 0.08598082417509982
18 0.1962042104234357 0.10743878933595238 0.22413919007764063 0.21487757867190477
18 0.09034126706587496 0.14783391600587018 0.18008157259328839 0.29566783201174035
18 0.5643889877056465 0.15236876561091314 0.23935489848821603 0.3047375312218263
18 0.9230769230769231 0.14783653846153846 0.14903846153846154 0.20432692307692307
18 0.3266645261237467 0.1964264098423161 0.15005183786349421 0.20553765921483777
18 0.7925788014148161 0.20152844093940722 0.2357319086393943 0.2850787852757208
18 0.44016976492269977 0.26543072365425385 0.24568545922153334 0.3116679504854534
18 0.6495166356000956 0.023737610204301703 0.12836019427711448 0.04747522040860341
18 0.6950819025139368 0.32474790085377614 0.2351072385600428 0.3258917207777394
18 0.23677548142815488 0.3676388742522224 0.32748623249974246 0.3142964894459327
18 0.8882211538461539 0.37740384615384615 0.21875 0.2692307692307692
18 0.12155346110407894 0.45507337724840247 0.15894291267597468 0.2963457904585694
18 0.7359032347732324 0.04099545439166709 0.12445070031569554 0.08199090878333418
18 0.07658042465540087 0.46788983454079697 0.10779822656975699 0.16037417707225218
18 0.5635574286811216 0.4834525193593067 0.24675386212641442 0.23724312812028153
18 0.7292472423902914 0.5395144980067714 0.1485930463500864 0.2217216614626065
18 0.2846057079761927 0.5484788898618682 0.17040323264091675 0.16326800324565044
18 0.8709267894028112 0.06776378496768502 0.19377665572869937 0.13552756993537005
18 0.4285446067467574 0.5616073120656447 0.2696135483412278 0.2586544155826708
18 0.8526597362648337 0.5927049950105914 0.2561640401594714 0.3472715387721091
18 0.4202756396040973 0.07286792207904136 0.18670512536204079 0.14573584415808272
18 0.9795673076923077 0.6262019230769231 0.036057692307692304 0.3245192307692308
18 0.6068018293342319 0.6475285508280687 0.25244253216232776 0.24214522883203282