10 0.5821321122611653 0.28014669129323255 0.11157482111528502 0.16997322602054823
10 0.2615962843389393 0.27370501682036985 0.5231925686778786 0.5474100336407397
10 0.9128646715762981 0.38948790981018344 0.09250139922461369 0.17730517479889585
10 0.5504293731245358 0.38898120742457165 0.11815392857034232 0.16874869194529893
10 0.7946715134840775 0.4247506770108247 0.13756606643264474 0.14644528202724333
10 0.6917676810663139 0.4421496853482893 0.13267445554356663 0.14121697114490728
10 0.8048411819394604 0.5948527587189444 0.11186108797355022 0.1519969571885325
10 0.9137214835121381 0.7135865220047705 0.1418776954286075 0.1528229386646722
10 0.7656061263689189 0.7534319615754258 0.1259589803937577 0.1346290052201564
10 0.4026442307692308 0.7079326923076923 0.6177884615384616 0.5793269230769231
10 0.792692719774788 0.861409439861537 0.1259589803937577 0.1346290052201564
10 0.7452430800439921 0.20561056978247721 0.3077938523956766 0.3077489702025635