28 0.08325320173157849 0.15544646087762876 0.16650640346315698 0.22756861670628095
28 0.8756486269759935 0.17605803152279415 0.19031595881278535 0.1935317190268092
28 0.3587377597416384 0.205547628988789 0.22203528528158284 0.22578700553127745
28 0.18602331816731757 0.23859367759152322 0.22207725736029893 0.22698892860820052
28 0.694547428736085 0.243135866995358 0.2668155108845914 0.2713238805964091
28 0.8495497040416354 0.33938847893602936 0.14677962836541608 0.1492597571579313
28 0.549893109179345 0.3658903263416511 0.2058761114000059 0.32991593779309214
28 0.07495896110502173 0.45852004662023593 0.14991792221004346 0.3130966809306322
28 0.2703868397407661 0.4681184384030687 0.25004391232282114 0.2548485139854462
28 0.7780982136080866 0.5302899453798806 0.26001605960729207 0.26556878109393706
28 0.41133995729287354 0.6574860383407922 0.27496378751431955 0.28134870098744247
28 0.050217448142041585 0.7179413500679866 0.10043489628408317 0.17950191524864215
28 0.11514794821936193 0.7221974637306301 0.1370268898468517 0.21353370211847178
28 0.5991871715896335 0.7064278302557916 0.30413236555376477 0.30927127648401864
28 0.8939788348596736 0.7161726455158539 0.16721043137840313 0.2876988210169212
28 0.2509919607845435 0.7486704362807901 0.25435557328884195 0.25807378709541073
28 0.24096839494782957 0.07704460140314695 0.15857564630462975 0.1540892028062939
28 0.750946159167017 0.8268448839735856 0.23576010407232945 0.2409029737669909
28 0.02737708014169266 0.9004395765926605 0.05475416028338532 0.1270054621992943
28 0.12331718541374846 0.9005281207602015 0.19611571380382048 0.18783705423884675
28 0.5087147723188957 0.8923275232243166 0.21753283519193461 0.16556487144646242
28 0.3414795763117239 0.9058908421189593 0.18304718106668866 0.157159076122464
28 0.506047757924521 0.08800025125731464 0.19717836820815854 0.1760005025146293