21 0.4478399391069108 0.8966346153846154 0.19574100108178855 0.1875
21 0.7577359972509448 0.1346153846153846 0.20024871049957446 0.2686298076923077
21 0.14590817648464136 0.13581730769230768 0.2414232540503981 0.23197115384615385
21 0.34698033290488006 0.24519230769230768 0.24834702649793214 0.49038461538461536
21 0.8732757167598161 0.24879807692307693 0.24139263152900625 0.31971153846153844
21 0.5205081992980992 0.027644230769230768 0.08398360140380162 0.055288461538461536
21 0.5279932418260189 0.4338942307692308 0.24376889599182994 0.5402644230769231
21 0.13791713436722947 0.6177884615384616 0.27583426873445893 0.3798076923076923
21 0.7090816577375647 0.6502403846153846 0.24800011406728936 0.5408653846153846
21 0.25427316882295375 0.7800480769230769 0.3426725049715167 0.32752403846153844
21 0.8484414981005612 0.7992788461538461 0.24502493313772516 0.29086538461538464