10 0.19471153846153846 0.1362968820126989 0.1310096153846154 0.10029015583476052
10 0.33413461538461536 0.16787544235227628 0.12920673076923078 0.10141861699299774
10 0.04927884615384615 0.1975112716584846 0.0985576923076923 0.17709284129841543
10 0.6826923076923077 0.19213434320121972 0.31430288461538464 0.3259078226960257
10 0.15625 0.27247945422671466 0.14423076923076922 0.10683849195640537
10 0.27524038461538464 0.3265251983626803 0.1201923076923077 0.12508976893803014
10 0.3894230769230769 0.3615360717177055 0.5198317307692307 0.3679363275800572
10 0.8305288461538461 0.386831619715135 0.20673076923076922 0.21575536411187335
10 0.1201923076923077 0.4314006156773545 0.1063701923076923 0.11010348397169509
10 0.15504807692307693 0.050579492051882134 0.0985576923076923 0.10115898410376427
10 0.125 0.6451470249198332 0.25 0.28662902708341037
10 0.5889423076923077 0.6695120552805756 0.6676682692307693 0.26999385875844967
10 0.3798076923076923 0.8979855609250555 0.6971153846153846 0.19667450599442085