3 0.5456730769230769 0.8894230769230769 0.5144230769230769 0.21634615384615385
3 0.17908653846153846 0.8894230769230769 0.3581730769230769 0.21634615384615385
3 0.7714693394561783 0.12413670195798655 0.3122295903184126 0.1975112181040602
3 0.11716071868238821 0.18989566586696183 0.23432143736477642 0.332891844427695
3 0.4076376497225709 0.21886829283327652 0.3509451778877697 0.24948571301477476
3 0.7787196807259931 0.3303022180737766 0.3202298084813572 0.32022980848135707
3 0.43667152173166934 0.09725163123626714 0.2372338796135844 0.16805697174563322
3 0.1614067033644805 0.44119144802535715 0.32213064232165617 0.3227071165538891
3 0.5526949057043742 0.47037832553256614 0.30841974235092995 0.3101491650476287
3 0.8621584797320263 0.5576309555406752 0.2381603071068296 0.2496897917514881
3 0.27695460316023623 0.6782559615670624 0.3398942182504297 0.25803487727335433
3 0.05482936471249335 0.6757705267620704 0.1096587294249867 0.24456989967798692
3 0.6059387039499587 0.7000884669188033 0.3255690905522673 0.25985102807771365
3 0.8484149657226117 0.8062821086263805 0.2458615916929402 0.26200287019546226