12 0.9133558483477782 0.2460486437603106 0.16724991622904967 0.24184132890993604
12 0.11021330871373837 0.26218909106816246 0.22042661742747674 0.2743781821363249
12 0.3885901580829471 0.3588515131797546 0.18175730483658986 0.3599515037549948
12 0.17663214151004164 0.42604328545069453 0.16649282358539558 0.5248382633850428
12 0.7667064464401985 0.45179827565812036 0.2756257780854409 0.27921485445320526
12 0.09167400393465214 0.4372502342468484 0.18334800786930427 0.27353893003215835
12 0.9060386197724792 0.47066838379423154 0.18300427903133626 0.2644405817448185
12 0.5678577023709285 0.5385285429313573 0.41405011754248405 0.4206391538302621
12 0.35449497778778544 0.6405481093629276 0.3391008428629483 0.3449864302508816
12 0.8672686062638657 0.7294165412353106 0.25391424427784415 0.26549014934455134
12 0.05525349861892455 0.07700800707254277 0.1105069972378491 0.129977552606624
12 0.7095160020789246 0.7774344993548082 0.1411261717821032 0.39926477444719566
12 0.20930622456170264 0.8018545624847224 0.22638189485113175 0.28407749196212634
12 0.0498375242291276 0.8088952357082799 0.0996750484582552 0.3491606637242522
12 0.4855769230769231 0.8629807692307693 0.28846153846153844 0.2692307692307692
12 0.8713942307692307 0.9050480769230769 0.24759615384615385 0.18509615384615385
12 0.052884615384615384 0.9314903846153846 0.09615384615384616 0.13221153846153846
12 0.265625 0.9206730769230769 0.19471153846153846 0.15384615384615385
12 0.3250358806232288 0.1253697055461007 0.29704362336892703 0.24245879033108997
12 0.8622815108400294 0.14027840805203062 0.2369474695227732 0.2410600368241455
12 0.6180883412913303 0.16945523804460522 0.2979942141027584 0.30256893171231336