18 0.9556350149973267 0.11658612264850661 0.0801142954096959 0.23317224529701322
18 0.9169361104321514 0.14816305344009756 0.14073826588486327 0.23149103354913853
18 0.3798034340828625 0.21248624543544206 0.18106544877531144 0.17965337457761918
18 0.7936278582750875 0.2601245432603551 0.1951062891841323 0.1913179323054211
18 0.8743195062148459 0.3159540063179691 0.16684245579700877 0.16558497069597108
18 0.912743762517522 0.3613351338274104 0.1172448426465701 0.15822030797626171
18 0.9243326402797247 0.019063971524759655 0.13626514283664193 0.03812794304951931
18 0.41640190646589315 0.5187312627566221 0.12772616167113043 0.2097256637632396
18 0.8716023102313618 0.5254432947440133 0.17839804915902763 0.20759047596331362
18 0.433118402474506 0.5822486997614775 0.13370062400929847 0.2806776366669509
18 0.5441865697257187 0.6002489477099112 0.21925446808676588 0.2179832374350461
18 0.5191821318056942 0.6461065107050558 0.12607924226642644 0.2748068464378001
18 0.8858389763601273 0.7637482964051429 0.10948684647658688 0.15054663313172648
18 0.8423092914111637 0.08830685993625134 0.11341280211222554 0.17661371987250268
18 0.7514364503640066 0.10025373923637641 0.15477014060603814 0.20050747847275283
18 0.48398992466919083 0.11610317349575362 0.17002941605879818 0.16818137367606595