15 0.4951923076923077 0.15888126009816406 0.2403846153846154 0.20109993955474723
15 0.20793269230769232 0.14790577463793333 0.22175480769230768 0.23148224231617748
15 0.7752403846153846 0.17673240121790618 0.22415865384615385 0.23399804940403263
15 0.7956730769230769 0.4024436845415981 0.2283653846153846 0.23960263488470226
15 0.20552884615384615 0.377361121396232 0.22596153846153846 0.23648586625838555
15 0.4963942307692308 0.3921103174882455 0.2091346153846154 0.21947617818186088
15 0.20793269230769232 0.596223082330241 0.24759615384615385 0.19843101466446675
15 0.7956730769230769 0.6344148383877519 0.26502403846153844 0.22688696220526283
15 0.5024038461538461 0.6231594505924988 0.22716346153846154 0.23894569287923628
15 0.5036057692307693 0.837157738751811 0.2169471153846154 0.22705158967892858
15 0.21754807692307693 0.8286420799124309 0.21153846153846154 0.22139102373125452
15 0.796875 0.8640381265470641 0.27163461538461536 0.2139737009276336