28 0.3498460554276903 0.28905140138557983 0.0585948025816425 0.13386705652895417
28 0.16726563286489307 0.3135798284320793 0.10883082309160773 0.11695411177560841
28 0.424658984661886 0.3082088344830097 0.08853798719580351 0.1273054364834645
28 0.6097280092909763 0.39415921839217594 0.06625303949590872 0.06964999522390937
28 0.2925322021127944 0.42967620301949694 0.0984816133464679 0.10470188951415174
28 0.383040059552934 0.45356779392519686 0.07463195796405514 0.11896560862746665
28 0.6547166318611157 0.4350002237518084 0.034381099495663994 0.06524713939520546
28 0.138085507760836 0.49401535896938553 0.10639900565538395 0.11435404137924748
28 0.46623847904321364 0.4696345960199792 0.09665775026930011 0.10275183671688122
28 0.07474721135482183 0.5304653013960242 0.056728561548251295 0.07667759825385066
28 0.6449902041815349 0.5296332328431244 0.06383520770087368 0.06825184790447161
28 0.3772690421338423 0.5779545435758178 0.109445770271258 0.11820509091316016
28 0.8040636195710451 0.5527401251448485 0.031544119497621745 0.07942493601513909
28 0.21752515803258354 0.6006188403184279 0.10336622668069864 0.11170491492225801
28 0.7680478841869192 0.5592892580133378 0.06992174411202748 0.07535298543383516
28 0.6947445621358004 0.5664760204869583 0.045603569749790025 0.049352281470227
28 0.28210312411251703 0.0559143478394032 0.09389069847720205 0.1118286956788064
28 0.34648141035838687 0.7236324170036119 0.09529541335136284 0.14046524545807196
28 0.20148227292754756 0.772763599060365 0.10272330821867072 0.10805008963086002
28 0.24482227396803632 0.8787046748163582 0.10911752873597823 0.1415935348525315
28 0.38007426155559365 0.09529660488086258 0.08146588411349608 0.0871023582780876
28 0.047198353877970556 0.23074485151347862 0.06162716052367083 0.08488254673888002