2 0.3029418117954403 0.21588823956968814 0.25601746606752523 0.39269500976822286
2 0.8080575950251305 0.20306765881664243 0.31917400168242693 0.3115537644088835
2 0.6860508672232162 0.02248927321537873 0.09325558060027844 0.04497854643075746
2 0.14360906016980504 0.26722754711943086 0.2705812105517229 0.29246798268421514
2 0.8978365384615384 0.28846153846153844 0.19951923076923078 0.25
2 0.4567916504529063 0.031452201315959286 0.11069868552119726 0.06290440263191857
2 0.48820446779964316 0.3624045468463767 0.21716274319930826 0.4039301234782858
2 0.7388976723741384 0.36449166216574735 0.11990290181588502 0.2242464275423964
2 0.5676766644518273 0.03420326176656549 0.09689179044211621 0.06840652353313098
2 0.33483474943919245 0.4316048122351014 0.1803608782548207 0.24134808390037896
2 0.5918456603203011 0.4382897594685842 0.1982813398642707 0.2683570146553533
2 0.8642952427236861 0.5167123426090073 0.15606989987080164 0.15235617052643408
2 0.17546971479683252 0.5576312388689391 0.2988720637760181 0.32223752226212193
2 0.349454769131387 0.6033538959989533 0.3070625278771623 0.3003377219687735
2 0.9639423076923077 0.5865384615384616 0.0673076923076923 0.40384615384615385
2 0.09484261732969892 0.07314941937744351 0.1704544654286286 0.14629883875488703
2 0.7393238409290984 0.6343100404985412 0.1904965168668552 0.4275832027053819
2 0.5649518305363905 0.6765376283774919 0.22949374970184905 0.22207725736029907
2 0.8611174844535329 0.6926967767843691 0.20412607542522182 0.42506107391830855
2 0.333578874620214 0.8255570441207004 0.19759620604395664 0.238951871349454
2 0.9603365384615384 0.8221153846153846 0.07451923076923077 0.15384615384615385
2 0.1875138589601635 0.8583638405720045 0.18612328393957536 0.275127846290373
2 0.47518902860834483 0.873614870452971 0.18924546813328838 0.183495521496128
2 0.11348720518499816 0.8874503892234228 0.12253158781270447 0.15298383693776976
2 0.6342279884146884 0.8740841714470686 0.30231040964591027 0.21682505416197764
2 0.9074519230769231 0.8689903846153846 0.18028846153846154 0.20432692307692307
2 0.9110576923076923 0.078125 0.17307692307692307 0.15625
2 0.3484926861317002 0.945497519340712 0.14004548711559786 0.0894364497392738
2 0.2636044250929951 0.09766101144881324 0.28682423480137487 0.19532202289762648
2 0.47830081858193524 0.13266935083920478 0.19703467707357283 0.19276177704534755
2 0.6484490354942221 0.1778096963264336 0.18445738207399934 0.3556193926528672