10 0.9755988674887821 0.09283097478143815 0.047938555134802385 0.07420957890335861
10 0.2097291264308764 0.3987099066916914 0.3758587668040067 0.3423697020787859
10 0.6930141036345089 0.43165922607021695 0.308103473374092 0.31921870619138315
10 0.45385938639695544 0.4189303437066032 0.3271529071184832 0.33833261508054757
10 0.8258620341358974 0.10571508423606805 0.3049552730444178 0.13238967177728464
10 0.08783536415534236 0.5764556355566574 0.15345902508993076 0.22439069216651794
10 0.5682139488816779 0.6392430197159403 0.22993399842126075 0.1838338378417751
10 0.9014423076923077 0.6586538461538461 0.19230769230769232 0.41346153846153844
10 0.3224631447256415 0.6525364207599949 0.3731192198084938 0.32780661706082925
10 0.8076923076923077 0.7175480769230769 0.3798076923076923 0.4254807692307692
10 0.30210332329882483 0.08721255032150944 0.27608164659764967 0.15531399569193058
10 0.6501435584205668 0.8072548212610713 0.2668878979124469 0.2760081859867625
10 0.10537958966538469 0.09255880961829156 0.19152841010000013 0.18399755447754496
10 0.1361690875587614 0.8481365464478225 0.23887999123141046 0.2587730928956452
10 0.22716346153846154 0.9411057692307693 0.41586538461538464 0.11298076923076923
10 0.8978365384615384 0.9723557692307693 0.19951923076923078 0.05048076923076923
10 0.6754807692307693 0.9699519230769231 0.30288461538461536 0.055288461538461536
10 0.6380003681021903 0.182394829355951 0.25887957242147464 0.2671396981399417
10 0.8653846153846154 0.23798076923076922 0.2644230769230769 0.28846153846153844