28 0.3516924725252998 0.33141238069537293 0.0947749609758856 0.0969445709269734
28 0.16916800199576343 0.33358362421725946 0.10946028346579278 0.11255630473799846
28 0.4266522758468053 0.3596891912831054 0.08923738761156458 0.12374296709545646
28 0.612308796825135 0.46814384545059917 0.03828457636050112 0.09464276414148383
28 0.295168941680214 0.4648299323772766 0.09904463068115564 0.10072175130134284
28 0.3858586432284516 0.4997530283115684 0.07528939435487067 0.11596822059065996
28 0.6575561975491061 0.5144270599576704 0.03474478771185993 0.06387128914880226
28 0.1410229895070329 0.5101948996779869 0.1070144780212538 0.11005450935923787
28 0.46918994879772574 0.5259688150326554 0.07713423826094817 0.11844552866319187
28 0.07786653720911664 0.5388492452177541 0.057148201797708006 0.07439270409464555
28 0.6483753021938188 0.6077362884455553 0.04648824144549862 0.08296635565945355
28 0.38080800823759386 0.6232572575599019 0.09827279033383417 0.1253121997658087
28 0.8076585377080575 0.6502586295976012 0.031991735763709034 0.07817192954073622
28 0.22112007616959595 0.6263590187184758 0.10396771103825322 0.10752822667424876
28 0.7716637843364045 0.6523951604546537 0.07032739635316897 0.07252757867782887
28 0.6983674562894431 0.6506096321716861 0.03878368131831914 0.054427315677017966
28 0.28252975836613137 0.08477736700729815 0.09456212287633278 0.11915566054382164
28 0.3508526629568942 0.764963789177403 0.11496334571600546 0.11818534434020969
28 0.2060703396549408 0.7962974764546943 0.10330381056375249 0.10389797013725072
28 0.2500467950737723 0.9073865878906973 0.10989036619539433 0.13719572781492154
28 0.3808086319921429 0.1416289260009487 0.07130599150786611 0.09418668136867286
28 0.04856218468870484 0.2361870606609173 0.07153980925276529 0.07317751482874763