12 0.632507065021808 0.32667497209079177 0.18660410699951774 0.17909991637267522
12 0.820988384600464 0.36683443949622496 0.19166857495693918 0.40998742977513314
12 0.28988585033147446 0.47167272735488114 0.1783499040877769 0.2321447864692337
12 0.8792208048748945 0.5050250589306944 0.16610997063723795 0.21433915314540478
12 0.6869622678108722 0.540502801213983 0.2932069932503116 0.28109931913508307
12 0.5973579512576811 0.6251296438761593 0.2683591563029977 0.2556624265625551
12 0.8009491326082157 0.6563719847985383 0.1758720275193012 0.3632936705264341
12 0.5557816009038259 0.7380417361553385 0.16488317238935524 0.3167677995925995
12 0.3362958591774374 0.7840582487857647 0.21255575490249726 0.20337685794699595
12 0.15536976803384456 0.8275297318203545 0.24885862833029157 0.2370039992279685
12 0.7135992128170313 0.0816773085356218 0.21222465128901427 0.1633546170712436
12 0.4521960095223403 0.9058531035975033 0.19281004580968913 0.1523504516929185
12 0.3042613589395445 0.9122175923564997 0.13530177273202015 0.1305670192633916
12 0.8339879431179367 0.11949011812236732 0.14447565280174665 0.12549414204696602
12 0.6942707281971706 0.18669099093856412 0.23400633567247417 0.2239011280150416
12 0.7844151573324842 0.24226942748922747 0.22750615968157215 0.217681652236846
12 0.54351560208583 0.30101869622705724 0.13301972367389325 0.38157243438317134