12 0.5847999874336536 0.3191451834057431 0.08883291975937514 0.1299061636922512
12 0.48736029299246775 0.31651211146605457 0.0965470045443643 0.10039724588267053
12 0.8716399767661857 0.35558246214896444 0.11444996288258562 0.09614393299400881
12 0.425250939035363 0.34743972144135044 0.1005729022967416 0.14445999501661155
12 0.2255079077050211 0.34426933279382177 0.12605057253878213 0.13049098372235035
12 0.6207447745217411 0.37802327266661145 0.1143805276767629 0.11894196009029766
12 0.33815297609412365 0.3659325463838496 0.11868517119147981 0.12341827041627654
12 0.7082613585760147 0.3932613166084579 0.1064141647909991 0.11183073541897397
12 0.10481204875021338 0.3582016751284894 0.1322560134143698 0.13928955891330924
12 0.04460801437970073 0.35644629383536375 0.08921602875940146 0.11673874151688132
12 0.7918084974877133 0.4238932923588061 0.09295572531818899 0.1265699740182301
12 0.5006353871008009 0.4184749454240863 0.12177390409420415 0.1272165964732944
12 0.8538888714356301 0.4459273204986251 0.07010469685205688 0.09870274581168204
12 0.9342218920985039 0.45950130498055164 0.11425564480018725 0.1651389758213366
12 0.42496917845587573 0.4629783822869648 0.1032974568181358 0.10683048628503304
12 0.5595006378608437 0.47521069733367555 0.10701462385993593 0.08606641199562731
12 0.13273402034273468 0.4514733972371302 0.11928613272994135 0.12345678178152629
12 0.252254926351709 0.48802182413323175 0.11066285816543814 0.11390319959110684
12 0.7269865666661854 0.5196477257574486 0.10795128624006403 0.10052800028395399
12 0.34706697407793763 0.5001162352273059 0.11224244468923618 0.13020618386006788
12 0.9142907411752133 0.5400767332538287 0.1341008606349628 0.14120797762444312
12 0.62211153320235 0.5261679020501479 0.08897229264054501 0.11011294428827006
12 0.050361226692868404 0.505053059601897 0.10072245338573681 0.13631611303489818
12 0.2003194534737175 0.5472868694522538 0.13710566832727042 0.14140053445069173
12 0.30357293780854655 0.5587185165829011 0.11131976984417748 0.11634555711020275
12 0.10642957812302305 0.5472887118579098 0.1153726377276443 0.11000455974387394
12 0.4423805631885679 0.5940954610131483 0.07571018112823188 0.15906847921458414
12 0.6610186629080125 0.6129212902717456 0.08199904474471144 0.14566998884771573
12 0.8829827811568371 0.643997418491072 0.12357678870958876 0.12733213056904363
12 0.5187161636387281 0.6242653003804995 0.11744128550934842 0.1215383630703925
12 0.9498428723423072 0.667541460629812 0.06920999707713694 0.08604404213873998
12 0.7911610511183221 0.6585763832808039 0.0898535073499199 0.14797352121134713
12 0.02478089064776286 0.6101756679160634 0.04956178129552572 0.13437532446687697
12 0.37504389087168755 0.6427438262202922 0.11433856507155458 0.11713907547491297
12 0.6015919008670935 0.6837434299770013 0.12300380224126606 0.12849554228071697
12 0.8406906679643691 0.7026767225771666 0.09225634856471689 0.09652189709515333
12 0.23369153904807638 0.6649821667518534 0.12375912913501612 0.16094746535764004
12 0.6829869692561961 0.7034040525740427 0.10514230403872861 0.10874890499616677
12 0.11081563450053362 0.6691450790101374 0.14073941262817855 0.1428335257191133
12 0.46988290872900584 0.7053960292756352 0.0841511152673078 0.13500672661640706
12 0.297700182957478 0.7076029326603638 0.11066285816543814 0.11390319959110684
12 0.7140681138963134 0.7643778970667594 0.08900077018020844 0.13711770215378968
12 0.03090826952403819 0.7284262658375217 0.06181653904807638 0.15877560859812034
12 0.9205750825659715 0.7872411913280543 0.08032204794495193 0.15096310859812034
12 0.3770540761654909 0.763244224834598 0.10825901201159191 0.11374915413010783
12 0.1169071652174673 0.7694438535082492 0.12915329297657596 0.13489027131782988
12 0.7823808988509076 0.828941369281883 0.12543562346525106 0.12985151081863905
12 0.21018158902510617 0.7958843187949007 0.1365326818589478 0.14256394616236506
12 0.46375938318573656 0.8133380380072137 0.11090064626161879 0.124119545744953
12 0.8529586595477022 0.8479087873044292 0.08260050875269798 0.1715113350015619
12 0.5829445883530442 0.8643095418263922 0.10290731324476504 0.16741206757389931
12 0.5076291546355235 0.11799417619331705 0.1025840925295942 0.07618144782349462
12 0.6461429601674672 0.89002636192748 0.11742729797427885 0.12093740153193103
12 0.7218081638733433 0.8972826401027931 0.08961571925373918 0.13775717505750096
12 0.2576420556199245 0.8771672507453794 0.12300380224126606 0.12849554228071697
12 0.36212543810181547 0.8874739975296032 0.09073421958977033 0.16003126334582765
12 0.4005740755789529 0.11474492240963276 0.09816805120384628 0.09270027997841976
12 0.43580541676687956 0.928307099128263 0.07966413132716355 0.09691508150183162
12 0.5067188783053411 0.9328514402277323 0.10577124064732911 0.1099893394383396
12 0.12754171162644223 0.10567422412471283 0.10916719685205674 0.10120598455291506
12 0.22109588613547 0.12009545864213364 0.08378743935550226 0.11938172661640706
12 0.30875234554043796 0.12932388719936475 0.09923110386912404 0.13837335690149669
12 0.7797942914137285 0.16432448986285234 0.13031275097876607 0.10736157464434823
12 0.5970180585110042 0.15622280405770095 0.1016064724833068 0.11152264449697616
12 0.9094061582304486 0.1810564062952575 0.11808420965301827 0.1233797590510268
12 0.4307050727733973 0.16482443647954226 0.11942550561111122 0.10366356237754527
12 0.7223247793434827 0.2027717292216846 0.11417121712024589 0.13573037180197092
12 0.14517790185929472 0.17541620319731985 0.10437399454895843 0.1273016899579751
12 0.5055030493049678 0.20934033003947092 0.11376557860323189 0.11830248718658634
12 0.8237329139881943 0.2417705843910633 0.10272447034981323 0.10799389799670636
12 0.6289654253863781 0.23169674820399402 0.10212401128087614 0.13375822142005303
12 0.35227134206282035 0.22479882788142186 0.11928613272994135 0.12345678178152629
12 0.2500799054542199 0.2194538188658893 0.10456931757040604 0.10991231670784024
12 0.8832136162912926 0.27206402860834483 0.11003392155683783 0.11266276514893402
12 0.08136307356276691 0.2279014058267316 0.06890327624465821 0.12442855786977894
12 0.17080792757852545 0.2637261875372694 0.10760210033285264 0.11130679661101194
12 0.9471383349902776 0.3182905637476244 0.09173981470619672 0.12589198974926907
12 0.7127633349902774 0.3032711313002262 0.10701512632946038 0.11186924678422386