18 0.21855251689272867 0.2106769475787537 0.13920056976202708 0.14383277112417442
18 0.5123663456030088 0.25001634057136674 0.11429541950251682 0.11956114969011832
18 0.26594414355140034 0.26677101645038903 0.10204542565367078 0.09902937844648872
18 0.13570289636685515 0.31159106895851185 0.06848947898814622 0.10548272665663345
18 0.17644241021154053 0.3200282390378636 0.08814638924251696 0.09161375497785315
18 0.32303506867258946 0.31509351448096695 0.14562234052905523 0.1279918318466322
18 0.4081338512339183 0.33055591942042756 0.07323423591048886 0.10035408900023918
18 0.1989572789257365 0.34634239290573654 0.10031246924423015 0.10493398775994428
18 0.5532728450766456 0.3473258142955862 0.13010922565856559 0.13669716384529834
18 0.6829127096900722 0.35418845409515565 0.10782469899132799 0.13119535819842967
18 0.2389555537874153 0.4184814860620113 0.12465162206825099 0.1321754148625882
18 0.3446968132742684 0.41472497604114766 0.10022156257650289 0.09712148775994428
18 0.11388562558147128 0.4317715223803746 0.11222023591660751 0.14766633390293088
18 0.966035101478744 0.3833405758224199 0.05377969642069867 0.08000325501043179
18 0.7068943865984647 0.460891446021995 0.12340074924716705 0.12789868004591737
18 0.5903078481369263 0.46768183862366375 0.1127372836079362 0.14048979746511245
18 0.8151645209445492 0.5494730007818887 0.1372368502729713 0.1299056496683992
18 0.058623451194759264 0.6391786235446525 0.10066910309454465 0.13558302622148288
18 0.5702510840107036 0.6430107454891082 0.1325340502741949 0.13864005655556283