8 0.5868288230499482 0.3259492666532115 0.22685894480366395 0.23654344310779074
8 0.7628638761207157 0.5055010033307087 0.2734101251852016 0.32390417180986336
8 0.11639709789887175 0.4774542104234357 0.2203742457526656 0.24336995930840985
8 0.3773193038179115 0.49865470410250595 0.266002321738961 0.277846072625867
8 0.9399038461538461 0.5540865384615384 0.11538461538461539 0.34375
8 0.5690483791168958 0.6142826512903152 0.24823876279803364 0.2576002447072196
8 0.3801035133568073 0.7269500846704506 0.19545159746356594 0.22570891479743066
8 0.17940333915599993 0.7164613318249131 0.25311988386443846 0.26208699166620986
8 0.45927538960986286 0.1035946189976727 0.16855077921972578 0.1635067123928578
8 0.7807844705244668 0.7755018170833166 0.2132121147584045 0.28017454838466616
8 0.6225961538461539 0.8762019230769231 0.2403846153846154 0.24278846153846154
8 0.6253086113880187 0.12287056215976129 0.18330953046834533 0.18357753019290565
8 0.9122596153846154 0.140625 0.17067307692307693 0.18509615384615385
8 0.6302212019224431 0.1291601937341362 0.193134711537194 0.1961567933416555
8 0.3870192307692308 0.8954326923076923 0.23557692307692307 0.20432692307692307
8 0.9242788461538461 0.9435096153846154 0.1466346153846154 0.10817307692307693
8 0.11836372502380638 0.17739346547730578 0.2354686713268278 0.2826715463392269
8 0.7847116414821586 0.24381993852823222 0.2011255385226386 0.2068281658038609
8 0.31248175012346774 0.22351988634589628 0.27515311251063573 0.2861836029816662