8 0.35240015431386335 0.13997643188737907 0.16636939268758005 0.16730117134236847
8 0.08120631044136296 0.13814215403666846 0.14647133097347503 0.2383529270846675
8 0.2206783619768971 0.14583781128611423 0.18320753688175698 0.18308094610846778
8 0.7401947985955253 0.29479745116404266 0.15883951924506962 0.15915278854034148
8 0.9411057692307693 0.31009615384615385 0.11298076923076923 0.14903846153846154
8 0.8531980100608021 0.3300517115185386 0.1343674171683046 0.2209941895712016
8 0.4946555784725749 0.33374624419188376 0.16636939268758005 0.16730117134236844
8 0.6601516084228092 0.3618482604791933 0.13634784814245274 0.13711148628810654
8 0.3609217368814204 0.34911104727199443 0.14311247987671297 0.21480346615065843
8 0.22530032763894153 0.3475929468081776 0.19136285916895746 0.1918582806824586
8 0.08508956677310686 0.38065071324010746 0.1447663955830049 0.2406728025380069
8 0.9362980769230769 0.49038461538461536 0.12259615384615384 0.16826923076923078
8 0.7160685596363303 0.4976129016318441 0.14863030406503505 0.2324552726340611
8 0.8453109988290435 0.5192278116013263 0.15513580078938596 0.1565810009854818
8 0.5092847256496618 0.5455646080653678 0.14712331219611485 0.21019170547748184
8 0.37228793711493857 0.5691749312829265 0.18445843457113723 0.18433884965239541
8 0.24191499169226705 0.5786980603794354 0.1394199825382831 0.2272277268238349
8 0.10337345779342016 0.5938389415915282 0.15659177297412782 0.20703377998274883
8 0.9068641206185876 0.734431336764909 0.12454695805755843 0.17135147038182608
8 0.7814457913409801 0.7477841569602053 0.07327137391021993 0.1347734733088314
8 0.9759615384615384 0.7680288461538461 0.04326923076923077 0.20432692307692307
8 0.6996129827418542 0.8003559088852744 0.16641836730003726 0.16850309441929148
8 0.497516449603456 0.8161355945768975 0.1876591407132738 0.1892864931275988
8 0.12580183878153217 0.8204162651901161 0.15451035194469578 0.1559520492135178
8 0.29887876185845524 0.828477452438765 0.17512567651324215 0.17610649614986165
8 0.7812683520910654 0.1251616698442229 0.16947214960480203 0.1698449686637259
8 0.6622779674756808 0.11961960361077682 0.14380425966627733 0.1434569844747489
8 0.9146634615384616 0.9242788461538461 0.1658653846153846 0.1466346153846154
8 0.7896634615384616 0.9146634615384616 0.12740384615384615 0.1658653846153846
8 0.9711538461538461 0.9447115384615384 0.052884615384615384 0.10576923076923077
8 0.6935096153846154 0.9362980769230769 0.0889423076923077 0.12259615384615384
8 0.12740384615384615 0.9230769230769231 0.17307692307692307 0.14903846153846154
8 0.390625 0.9314903846153846 0.1658653846153846 0.13221153846153846
8 0.9211811751387144 0.14367463478597634 0.15130964580255907 0.15100440573831442
8 0.4900336128105305 0.13199110866982028 0.1468539518276001 0.20358112855440502