2 0.297510138660238 0.21651352840073634 0.30777431903058533 0.20101903810991498
2 0.6886597245058843 0.21862562550598463 0.26716942079269157 0.2701939009061451
2 0.4524147129338114 0.3293331118465107 0.31337069665207934 0.16643262924766045
2 0.1733808353123174 0.3755999657798132 0.27774835267042675 0.2418130058783348
2 0.8870192307692307 0.36899038461538464 0.22115384615384615 0.25721153846153844
2 0.6913268748599527 0.39300242088474524 0.24861598879319916 0.25143043556544054
2 0.47047491838670286 0.453745416497024 0.325378872139851 0.14591320883230752
2 0.7948984807229313 0.519947143435411 0.25541891385967996 0.2583103728570322
2 0.110571719450392 0.5743049802283365 0.19603326308918015 0.30090927031255776
2 0.2791906741167204 0.5794677652535558 0.2648897845481618 0.21247710590760877
2 0.490926108166649 0.6189741311504648 0.2795558616538749 0.28330383933840964
2 0.687758100573691 0.7252719108525439 0.19610783223666317 0.34473048800779293
2 0.3176578482237212 0.78487621994798 0.24736160713171146 0.2495785763375988
2 0.4816049550316004 0.13320130962371274 0.25419950458790186 0.25766043670611344