0 0.15252804230917666 0.4074767531930436 0.15277407632400958 0.15768396139728716
0 0.8384321742093194 0.4635182801638363 0.11113207295368135 0.3760376456535379
0 0.25631670869174283 0.5106213929708939 0.1614647151668836 0.45636184601267193
0 0.4486244009994351 0.4994207453805125 0.2943986072534688 0.30331961713684624
0 0.6132878625378967 0.4898301908812484 0.2980918074585125 0.3065344369714734
0 0.18773714852770793 0.5170154698288134 0.21094313564546244 0.2186664593192694
0 0.07907648070349237 0.5262797126317682 0.15815296140698473 0.2118636516595405
0 0.6899311603432956 0.49496531646048053 0.2195139729376178 0.22456514149750254
0 0.3651321504563867 0.5234817938846338 0.21028971552243625 0.2168285726801649
0 0.9104555034823663 0.5037191871161573 0.15322149120890755 0.42048509095880165
0 0.7565394048567928 0.5150835513423085 0.13460916971145473 0.42000098976194494
0 0.5317448170824677 0.5293762312904899 0.19295569279472163 0.19842063140062186
0 0.09767572436468809 0.5606573078009034 0.13771427020482807 0.38238542700490774