4 0.5656388688192724 0.2902179147642629 0.08011009247455164 0.14062641940827658
5 0.2976310004171484 0.31413369549222775 0.09247855176157767 0.09831348962882408
5 0.39867644988557566 0.32090636449707854 0.06769578071455293 0.07180700271471488
4 0.6645042348188901 0.33563427480013364 0.07583693215820048 0.12888938318091464
5 0.414623108745316 0.3750108343339099 0.05030285901870521 0.07649601197058878
5 0.596190411783682 0.3744794691842047 0.11061927925794225 0.11891040313070506
5 0.43785123190566877 0.44058807723152715 0.07839811144996321 0.15611480498116548
4 0.6447288453984933 0.4501633408714963 0.11122024079640379 0.1189559412730756
5 0.38780400287715816 0.5189325119598711 0.08644096604133257 0.09305041589742793
5 0.48660643562160943 0.5535315643034342 0.04326613515485178 0.10599763118522094
4 0.5491344059572391 0.5536032898046055 0.08811838482395892 0.17487226141293782
4 0.3328511853662518 0.580814328750255 0.11665336868623351 0.12357251532363979
4 0.24047792304085983 0.6178752795983725 0.13358867681372125 0.14347739100231857
5 0.6744910277365164 0.6054294331146405 0.08885530107103999 0.09503545308229401
4 0.7551527329846031 0.6221638604985462 0.07501960119618435 0.1949040761269431
5 0.538960415984412 0.6649998994441956 0.07737060229315035 0.08275195914648738
5 0.29866670419059277 0.6988401563923532 0.056504770460774144 0.11000427800967735
4 0.46822876162754284 0.7016234002439021 0.08373334316508946 0.14390445595480672
5 0.6979149432462763 0.7046605221661041 0.09913108418809895 0.10602594765643676
4 0.6248353834068201 0.7510815601506766 0.13599601925952107 0.1442605051102617
5 0.5382969218683585 0.7576390526520134 0.07760135756209453 0.12241542068494891
5 0.3161439375709039 0.8093439345598283 0.07132602398899804 0.07628696233816776
5 0.44129777441686663 0.8263143086390942 0.08886229365494731 0.09623737615921722
5 0.5004087752872268 0.8591111860714109 0.08522855408854851 0.09115645499730253
5 0.4910419182719108 0.07582164505652786 0.06863937886447694 0.13074677162631604
5 0.5837088691214135 0.08924146343917952 0.09912758789614529 0.10542498611797536
4 0.42178489776435324 0.15922906957149355 0.11148246269293119 0.1640280566576909
4 0.5409780673130524 0.1850682866129248 0.10578012032266657 0.11313744414558816
5 0.35254885500851785 0.2462422633172285 0.06322722872636942 0.12973596680652094
5 0.3862866121692528 0.25811520426756335 0.08583301191896371 0.0918029546781344