24 0.23880086966902442 0.5449989985031775 0.3699295277383196 0.3453306097002912
24 0.8009224152916127 0.6709768525280163 0.38204707902852886 0.4056260701772359
24 0.45107888605986446 0.6842934677853616 0.47568519389901864 0.39764709789887165
24 0.4919213517847557 0.06612063624011096 0.19861884104318095 0.1322412724802219
24 0.6820201548499311 0.14912027410558196 0.23430633489202699 0.15309802291299293
24 0.22150180305293818 0.17278047827325904 0.20387449490157206 0.22286505213398614
24 0.8444887127870645 0.23160358080000792 0.20487362618125743 0.2054581471639479
24 0.4309992030431484 0.241224424953021 0.23862579285608226 0.2661312412571282
24 0.6520403220021701 0.3503239597947034 0.3003294533736346 0.3020569724005645
24 0.13356799921504442 0.36179101273820097 0.26713599843008884 0.2696605400830963
24 0.9096146450693033 0.41792872066060865 0.16434389695440424 0.2335909930683236