21 0.4149334220914413 0.12938931761988004 0.15600802968052244 0.1565810009854818
21 0.9384680594268624 0.11579914169822327 0.10840362664579026 0.11298739708546439
21 0.9138697932183557 0.12893798180754412 0.11715462794995254 0.14637616450287608
21 0.2594078542351523 0.1726125097041491 0.06863971384456 0.0703586277594379
21 0.43237281637806635 0.1669551686093464 0.10068826398121107 0.10183420659112971
21 0.6242326649497227 0.1676136785040101 0.11687472561493006 0.1403665491182607
21 0.36690916555417513 0.18199734459682052 0.11152536616312816 0.19288729146734682
21 0.4352904285169959 0.012051666309740793 0.0644873065786599 0.024103332619481586
21 0.7696916905272434 0.18602444614484506 0.08362259543768201 0.08304962413272268
21 0.20428402017035668 0.2231525733292704 0.08988412292381763 0.08873818031389906
21 0.2906545403078047 0.22272774893571523 0.1082076950112744 0.10878066631623362
21 0.5438684462695424 0.21932933193622603 0.048139531398622745 0.10658260450446992
21 0.4865943351160947 0.23878733696236087 0.06900524384376319 0.10395649344627955
21 0.5717629321766196 0.23841849303581023 0.1390263318375002 0.13959930314245944
21 0.8261227807482758 0.23616601864623965 0.12447647038182634 0.12333052777190764
21 0.8846811287154797 0.2406345142245573 0.07921993303393539 0.07864696172897617
21 0.7030787831660861 0.25149141089608384 0.14031885346962517 0.24459963097221513
21 0.6295375536057602 0.25971391169105096 0.045256537347890674 0.04468356604293146
21 0.4314705010512991 0.2893274005874822 0.06528917064265863 0.12717007157826152
21 0.2588677549802405 0.31295760736912653 0.12258961506593476 0.12144367245601619
21 0.5103957972261001 0.023603695362863587 0.060939174778569014 0.047207390725727175
21 0.9556176095964221 0.3140868021933549 0.06241280444662186 0.16841249586408963
21 0.5036385522063406 0.33633738086397214 0.11321131895348244 0.11321131895348244
21 0.036732593690141695 0.370077032830951 0.059039152827763425 0.08310394763605335
21 0.6548832713004588 0.3592759384774768 0.19497504930877532 0.19497504930877532
21 0.8050676754488387 0.35348030317883666 0.15978174031230508 0.16035471161726456
21 0.2677520795972189 0.3797054950067738 0.17679142838882989 0.17793737099874846
21 0.597945042949038 0.37152240504207323 0.14971851196088465 0.15029148326584385
21 0.8976420856417442 0.37435421136786984 0.1687829967543139 0.1733667671939884
21 0.4741996325656181 0.4276572014402975 0.09942050772971688 0.16473923649507546
21 0.9476716972091298 0.4331891477427486 0.05909513329476796 0.08430587071297643
21 0.7420012429240986 0.47155198097966833 0.09283626407646832 0.13924693977817063
21 0.20708949322632486 0.4976652118735964 0.06351427626077627 0.12768706241621622
21 0.8184503209902634 0.03468396604977547 0.08365224263485789 0.06936793209955094
21 0.05726730514980024 0.5214337128590782 0.07484526086369116 0.07484526086369123
21 0.8310818448202438 0.49018998441586886 0.11815896242868608 0.11644004851380817
21 0.5446322892435199 0.5119267971014028 0.13150855777111056 0.1584382091041971
21 0.6635666933919 0.5075866539448798 0.12379319510653165 0.14728501860986234
21 0.39075648820019004 0.5454786241032827 0.11398850671132649 0.2457719068519622
21 0.3172712391068688 0.5524992018213267 0.05739269994215194 0.12500331392734765
21 0.08504651619552088 0.5944974514861918 0.057109483679781775 0.06742296716904897
21 0.9165041890949149 0.0348485935234414 0.08790013027250537 0.0696971870468828
21 0.7506388044795304 0.047187685310593905 0.0948762371947855 0.09437537062118781
21 0.2566942804001553 0.6428706683859231 0.15799865018653 0.25082000158993434
21 0.5904370325157392 0.6357215600971321 0.15472213590309267 0.1547221359030928
21 0.4749074950725911 0.7214565896823972 0.14075187360707317 0.2410218519749481
21 0.30987850353492646 0.7627237793488563 0.1665817100896789 0.28060299977657677
21 0.03796126427781168 0.8212723636829694 0.07592252855562336 0.08750826700347367
21 0.17520051059784217 0.8733369774776505 0.14527966357974292 0.23523615845835075
21 0.4061080355709104 0.8853692858073193 0.15026349303234154 0.1491175504224231
21 0.768470062035187 0.06960890465108246 0.1634994704770836 0.13921780930216493
21 0.6001448507989517 0.06679374817365671 0.05395155818504859 0.07687041038342
21 0.25178439079154447 0.9285364974245839 0.13094709613739178 0.12063361264812482
21 0.4427781990883047 0.9220394493247136 0.10892061748374496 0.11121250270358182
21 0.5456664490683818 0.07772633072732102 0.10812372431076757 0.10697778170084904
21 0.4902100461289067 0.0839072014402975 0.15277930012019672 0.1516333575102782
21 0.6547055662663548 0.07984364669144946 0.06534515110966328 0.12837199465518456
21 0.277663936184364 0.11539437901770588 0.08176538731896671 0.10754909604213453
21 0.854139169371405 0.09813913947092777 0.05718028774537432 0.08181805385862358