28 0.33322454846513894 0.29107772230234547 0.0969445709269734 0.10020745052894948
28 0.15014044387317346 0.3145367021983298 0.1119798305057656 0.11632440440737746
28 0.4067153123727681 0.3106713772638013 0.10817816282516737 0.11124348324546267
28 0.5864956756955919 0.3976982441599992 0.04045418631158881 0.0959268651461325
28 0.26879618648824183 0.4313577679469518 0.10129822553357584 0.10413198675631162
28 0.35766707733358477 0.4557770465913927 0.09752104515920629 0.09965202713285834
28 0.6291547688808286 0.43879957547074394 0.05003590757521211 0.05171997446655451
28 0.11164220122950429 0.49478930098620566 0.10947803512700498 0.11373840568404972
28 0.43966925200458984 0.4723293214058168 0.09942187899950533 0.10219248771381569
28 0.04666693822869338 0.5308663440774674 0.05882789982435653 0.07635043185583121
28 0.6145174414168574 0.533369262033411 0.06567212869246575 0.06788246648735288
28 0.34541115378895226 0.5801215812229144 0.11262976665668435 0.11757186562667093
28 0.7717020491969867 0.5574048847553192 0.05568943448365196 0.058139433132503464
28 0.1851635876585252 0.6018501117088237 0.09830463895852184 0.11888279636362757
28 0.7354974330519227 0.5637429425283121 0.07195110444559588 0.07494842483413376
28 0.6621311507471579 0.5705005189744233 0.04001545987119488 0.05575351835395022
28 0.27826254864010935 0.05382498387843997 0.10877912436362891 0.10764996775687995
28 0.3071312518296195 0.7256094870647617 0.11760887010797691 0.12214290153486473
28 0.16018034653575322 0.7738893329030124 0.10562739283394965 0.1074555614452121
28 0.19779096449445352 0.8800766629370849 0.12451329470579718 0.12985535956247757
28 0.3734634349227607 0.09751289338357495 0.07343360900828753 0.09662857836111954
28 0.03575493091568446 0.23100517746459087 0.07150986183136893 0.0756404626573361