15 0.48965817648464127 0.118524811261298 0.22391068639907383 0.22265723285940245
15 0.20230061187511156 0.13095998422827843 0.2561310026026857 0.20337877271640134
15 0.7695103549578893 0.11462287586113473 0.23326793176319754 0.22924575172226946
15 0.7807847947360808 0.33759909927459497 0.2630599145067347 0.21142211914933953
15 0.19054261474193554 0.36061123607801815 0.262839528750677 0.2060134653031857
15 0.481359024744863 0.3516559161056589 0.21768068525840106 0.21703871861966834
15 0.1840330814285669 0.5792772919205861 0.22638799447160587 0.22454406163221918
15 0.7713326945318365 0.5695702531207488 0.24955408903137 0.2481570835500044
15 0.4779655145376912 0.5822152864813094 0.2364686379053341 0.23629810749271676
15 0.47044995659722844 0.796115622094901 0.26037548686712 0.18972454564665006
15 0.18419636583970725 0.8109126691370115 0.23860516876238663 0.20036633142117266
15 0.7631804666294297 0.7990955887343405 0.24640235750169082 0.2444463841224451