28 0.5666220976553883 0.36177884615384615 0.27945851154815987 0.2578125
28 0.4527093624557159 0.4026442307692308 0.13450458695104395 0.12379807692307693
28 0.4686275086229905 0.04567307692307692 0.09550353100563164 0.08774038461538461
28 0.8159602871605879 0.5024038461538461 0.1768047869525359 0.16346153846153846
28 0.35748807736902166 0.5384615384615384 0.2743564828766956 0.2542067307692308
28 0.17410898482791265 0.546875 0.33865916912599725 0.31310096153846156
28 0.4875165715410637 0.5504807692307693 0.11513873998322338 0.1736778846153846
28 0.5519792106983762 0.6442307692307693 0.11332346737387985 0.21033653846153846
28 0.04539197160911622 0.6875 0.09078394321823244 0.2127403846153846
28 0.6639301002050678 0.7451923076923077 0.1263729745993539 0.1935096153846154
28 0.3408092151213576 0.8016826923076923 0.1509021951101851 0.140625
28 0.44383130649538305 0.8353365384615384 0.15795427657892006 0.14603365384615385
28 0.22461532351093141 0.8557692307692307 0.16250439977255146 0.1502403846153846
28 0.6017494109228406 0.8737980769230769 0.16970364942317234 0.15745192307692307
28 0.29648572537229706 0.9471153846153846 0.11215870827883358 0.10036057692307693
28 0.3998511099876817 0.9471153846153846 0.10845482692680701 0.09915865384615384
28 0.23106416223125148 0.17307692307692307 0.2912078843924123 0.2692307692307692
28 0.3890068442805441 0.22596153846153846 0.215940325536751 0.32632211538461536