21 0.43215198060984655 0.8684229842663422 0.1820428074968356 0.21543441886658982
21 0.7553807005328869 0.11499526853655152 0.20494878921819867 0.22999053707310305
21 0.14353185033160082 0.13420721460119037 0.20812860702910607 0.26841442920238073
21 0.34269032816841755 0.23812189890087943 0.25692703597085725 0.47624379780175885
21 0.9134637816119994 0.22260470891011527 0.16826474446830902 0.44520941782023055
21 0.520024522293498 0.01364342128125399 0.08495095541300383 0.02728684256250798
21 0.5204016157972788 0.4021123932315235 0.40376685793780026 0.402634938908317
21 0.09440648852378891 0.6104961863342685 0.18881297704757782 0.5578187791538969
21 0.6977047334119459 0.6073979075821756 0.4057447526717844 0.40574475267178467
21 0.24062506551920765 0.7633871136323845 0.34840302600429146 0.34670514746006675
21 0.8621011546063234 0.7463557862892939 0.2009859510397771 0.4069952144057183