14 0.9334704538712827 0.23079189381380708 0.10917988398419382 0.2949239684732113
14 0.6149608384866674 0.24562671757000112 0.3342209842065396 0.2616900648963751
14 0.08992337663261032 0.3667478520078568 0.17984675326522065 0.2328504498304402
14 0.35246403669360993 0.4854121174543049 0.2941118166361588 0.2855720947050635
14 0.8727683705576992 0.5102834799941866 0.18128559320779358 0.2665437958890291
14 0.08179965591538738 0.6180057555517844 0.16359931183077475 0.36975771966566195
14 0.48030107467103744 0.6950406152599181 0.3471703286067476 0.3377471015445558
14 0.7678877130357538 0.7247625730140584 0.17344406703243956 0.17096292104014202
14 0.26952566675281125 0.805462852645218 0.295725002402692 0.37008374976012237
14 0.6971908474090829 0.8358466342213696 0.29556832748787304 0.2652793535648824
14 0.5856262792827771 0.08095848555808947 0.31968748021515236 0.16191697111617895
14 0.859468394168991 0.8438582907087568 0.15457760294063322 0.17487492587576242
14 0.08499704846605849 0.892462413629106 0.16999409693211698 0.2102394902005937
14 0.5198333389493427 0.9003982060854031 0.1668148490299314 0.1467005376336627
14 0.8355337835897596 0.1483731456401504 0.3219389096790094 0.2967462912803008
14 0.254367403442728 0.16780481739645675 0.32837629972025123 0.3189065386191444
14 0.05563341589385525 0.18590289972669777 0.1112668317877105 0.14742496977737368