15 0.17461527620522094 0.7217037643952696 0.21073893695266632 0.4166748647492108
15 0.36478965274061825 0.7849426529946848 0.2857228527921841 0.2921949483345945
15 0.766874325274493 0.7830717322497102 0.27519175513095023 0.28084222462797687
15 0.917044765110458 0.777601813487234 0.1234089722776719 0.34369295089212426
15 0.5671802325567133 0.7995377074432016 0.19359906891368767 0.34317114210373245
15 0.9463367433056431 0.0653210129433408 0.10014069858075804 0.1306420258866816
15 0.6792650135007517 0.10204093170581695 0.1703161268446503 0.2040818634116339
15 0.5120228438598953 0.11251497179798707 0.17727642766482476 0.22502994359597414
15 0.34485061899845826 0.12033256640778346 0.17626685273130546 0.24066513281556692
15 0.8326215538909689 0.1023003508471492 0.2220402224554482 0.2046007016942984
15 0.18101724607690398 0.17172691611914498 0.23064603213731338 0.23470438802438365