12 0.6911677490053422 0.3045421701635707 0.18807600128547028 0.15599294976863523
12 0.7732082538857376 0.4202056563066481 0.17035488090315182 0.16900431899695706
12 0.5883079255305559 0.4307729065881854 0.19454821026642632 0.22756331541031363
12 0.9110576923076923 0.4963942307692308 0.17307692307692307 0.18509615384615385
12 0.675044222438088 0.5415727578588153 0.15189242116215296 0.1501647266868173
12 0.8399314845376608 0.5492721096313338 0.1555706404158924 0.2823832579689501
12 0.4675041860513894 0.6125158748102825 0.14697282857390503 0.14530109181436976
12 0.6936625549429493 0.6699967137541302 0.19734219999364336 0.1669151497698589
12 0.517455438827618 0.6924852953165767 0.2219826280096156 0.2188705620807329
12 0.8061417827893169 0.7504408039955295 0.16048772065651698 0.1580751261751389
12 0.4266138411830135 0.7668794973804223 0.20354814333875546 0.20123289284751641
12 0.6716672784636759 0.8097134891421719 0.19556779291792217 0.19393044771825066
12 0.5729996957535264 0.9094459753097237 0.16494622705699796 0.16894138361160754