4 0.652951524323363 0.6338220725931833 0.20973339683190856 0.20129255726191536
4 0.7710260284920953 0.6912147725353351 0.10521975650701548 0.10126123528617043
4 0.8791991054151721 0.6962530145657406 0.147202885485612 0.23907901619205227
4 0.26156102051702407 0.67955426576166 0.1485257639021364 0.17210720668638702
4 0.41608332422179617 0.6927853613898567 0.20462495124358931 0.22499513599835005
4 0.5578955366483632 0.7271472481996282 0.14877339483814056 0.19546073598588018
4 0.7136878664539176 0.11892481866424189 0.19762426709216482 0.1791821079077618
4 0.03766157437617586 0.7879906753830215 0.07532314875235172 0.22739566822484855
4 0.7135756314789901 0.8237028994045487 0.2051586248098643 0.19688989485816896
4 0.07293442077469797 0.7950672335680701 0.14586884154939594 0.1779768709034912
4 0.45337454099829216 0.8320997913062722 0.12356406659184452 0.10570671152200745
4 0.8617129232211553 0.8547389193185733 0.12153561701598975 0.12356761627483993
4 0.5638315987811982 0.8662081090508494 0.10238793645334737 0.08257544712685835
4 0.5348726599722937 0.19024653495952065 0.1458296098384257 0.1139258983896268
4 0.7112703996952996 0.24311475885635034 0.13337450482140303 0.12890712301907495
4 0.11056439251773546 0.2259978135134097 0.11944668977033443 0.17494241601400737
4 0.8683774375405277 0.30956635267118937 0.1868069593998571 0.1786782837047212
4 0.3756341979987185 0.2998914955125004 0.18892530794622472 0.18236802363599727
4 0.6160041027329778 0.33884378061664133 0.2063899691874996 0.25201041499561694
4 0.7409147487852571 0.41465718998167095 0.19666261962606824 0.1887135218226397
4 0.40442150924344805 0.4122597935335677 0.23522141238329736 0.2258216763685033
4 0.07155208598547932 0.42886924444821556 0.14310417197095865 0.15663698145248617
4 0.23434993888162478 0.45261141216386896 0.1165849033931621 0.14907307962665903
4 0.8731873099393883 0.5028816933849628 0.18446304589301968 0.19293341922678472
4 0.5395490464723657 0.5368218915795744 0.1761321279998927 0.20032606572425082
4 0.7080738085255708 0.5555324451195174 0.15216939980438007 0.14534383979064033
4 0.27563703211723745 0.5462527651572076 0.19535554190548401 0.187455618278712