5 0.8761273967470863 0.23910002227295482 0.04790497890711921 0.0734737394220808
5 0.9058809389403083 0.2932128940043217 0.058550639978747106 0.057206621015202824
27 0.7046200692441976 0.32551013138962165 0.21515582529885818 0.2081830365200149
5 0.8504695892926715 0.3681832824369361 0.04416433030538131 0.06431936517764651
5 0.861482922861411 0.4292014570249905 0.06830090396510038 0.06664089759465966
5 0.2586812366195695 0.5972305525873699 0.05190329580595913 0.049114218680180136
5 0.6973831596964926 0.5767976821307254 0.04080384137775566 0.06715623146894054
5 0.23425012822999575 0.6526606222570165 0.047904978907119075 0.0734737394220808
5 0.2949349548036936 0.6570731373683295 0.05200140792721646 0.050316141757103486
5 0.3116635673932764 0.7142056403905923 0.037553753382304524 0.06401147260912164
5 0.346911785109075 0.7173898991551538 0.05794967844028571 0.057178630781700365
5 0.3890032736910519 0.8191878306944124 0.05164562750885683 0.08262811366651508
5 0.4455426151840237 0.8467167866022864 0.048309716203065935 0.07109788350173683
5 0.6442032161176907 0.8712458166343983 0.05915160151720865 0.057234611248705006
5 0.4527048000358092 0.9344571712176711 0.06449891049181634 0.06406911003979997
27 0.6453096058324341 0.10262148314850654 0.2151067692382294 0.20524296629701308
27 0.7889760815914114 0.1321618295513246 0.24055556772400494 0.23331311716506434