0 0.0973859543482485 0.3543236804091564 0.08469571641381292 0.31953374435295834
0 0.06597599137888957 0.3556902309597454 0.13195198275777914 0.19695738499641388
0 0.8565459575399292 0.3957129509406193 0.08481439946563131 0.3369056485013384
0 0.8990865780312336 0.4073436323681662 0.15658128120493067 0.20131723356807013
0 0.20289988763854974 0.37853671120332666 0.08355797255869138 0.34403321626237005
0 0.6471560446763842 0.40525909937960913 0.21463789403620154 0.20881198829197878
0 0.2712452818289764 0.3998124244434341 0.19838432573066245 0.19188627091596083
0 0.44415798371171067 0.4259584383129336 0.09112343106327003 0.2779142803966867
0 0.3531029900950721 0.43377913405682644 0.12411213645685305 0.2548982908628943
0 0.5418049131719952 0.4425680673765338 0.13658674864978776 0.26146771091755466
0 0.7300514548252142 0.4573666160808566 0.10378845180919427 0.23957952646774522
0 0.11867987360229997 0.05739269994215189 0.07514025279540007 0.10650029076763695
0 0.05257410437153075 0.05431377425690408 0.08533795786981507 0.08302163389922046
0 0.9356232607710292 0.10026710981290807 0.06024386307332627 0.11538792931196297
0 0.8790417998709038 0.09883795094061937 0.09115645499730253 0.08868219984689459
0 0.23102310883988372 0.07106832537903696 0.061992243858694104 0.12265544824050593
0 0.290937110116556 0.07627119488310839 0.10025298867131988 0.0980884861928492
0 0.6623313408857867 0.09356915918750067 0.06055366438227266 0.1273791698476915
0 0.5240191107548922 0.08833332855890558 0.05287777880938385 0.1288181814275468
0 0.3641633415241229 0.08088792644730633 0.10085395020978141 0.09811647642635145
0 0.4482068806239975 0.08600848221454481 0.11503140504571359 0.1113524538710933
0 0.5924376498547667 0.09272613825508548 0.07890127753271159 0.13242560762198988
0 0.40656424830561144 0.7788199987252776 0.08660006240986134 0.392082149105791
0 0.1810760226430698 0.7779670360108196 0.23731092100768952 0.23142626184917303
0 0.5562761065878442 0.8087100760293838 0.2160219696826062 0.21127181491282945
0 0.8986420309414396 0.8270683552795142 0.09040520588126674 0.3395614067567048
0 0.024518013518048234 0.7853069268941529 0.04903602703609647 0.3798538200671303
0 0.07468718925594633 0.7971351969198892 0.08432315529134166 0.36203407218271405
0 0.7172785853613814 0.8487753426189196 0.0895937753021078 0.2814360789269493
0 0.3241586629227945 0.8316716529853694 0.18614636993722605 0.18053714878711047
0 0.47301497189177444 0.8410170770477742 0.1836514474986392 0.1792232647761781
0 0.2505681263762644 0.8318626137288638 0.08714439100589118 0.28072315645447843
0 0.8298039731684467 0.8600471219019586 0.18231290999460478 0.1773643996937891
0 0.6229821276529367 0.8516204046541067 0.18152979588666168 0.17493256330644075