22 0.2541787774559638 0.1346153846153846 0.23271100190426475 0.12620192307692307
22 0.5798773443364579 0.21754807692307693 0.3018447265806166 0.14723557692307693
22 0.0848105871095489 0.22115384615384615 0.1696211742190978 0.16887019230769232
22 0.8059444496567715 0.2776442307692308 0.3642628682627314 0.16646634615384615
22 0.28481171687468027 0.28966346153846156 0.2816101921447988 0.17127403846153846
22 0.543190737177037 0.35216346153846156 0.27986009095880165 0.14122596153846154
22 0.06936277999647326 0.3605769230769231 0.13872555999294653 0.14002403846153846
22 0.9081090327704634 0.4014423076923077 0.14565880349283397 0.15865384615384615
22 0.7602380530728202 0.4639423076923077 0.25900681357885486 0.19591346153846154
22 0.1748433648342869 0.4855769230769231 0.23587247752188936 0.22175480769230768
22 0.4747759559559821 0.515625 0.2626529511809515 0.2481971153846154
22 0.8607236606231854 0.7403846153846154 0.19590048569278606 0.14423076923076922