18 0.5388497681535688 0.37664704438154833 0.18481812515300597 0.18375518044623224
18 0.3967990748176249 0.3967029385133905 0.14242956874601267 0.20754540525598106
18 0.8715167332786738 0.39754663710073745 0.1580751261751389 0.15775999744642333
18 0.07862854715731746 0.4214064968782043 0.15725709431463492 0.19144181393589904
18 0.7963155743524479 0.045909222065629626 0.10448423591048886 0.09181844413125925
18 0.2413593999412614 0.4312588279912911 0.17083559592737624 0.22153184636242046
18 0.9588795055819609 0.42948810155242045 0.06937756720363535 0.17827620008342968
18 0.9320909251211892 0.049130399181491945 0.11177968821916004 0.09826079836298389
18 0.8066400163418912 0.49887878250936796 0.14254145387552286 0.21716078987136564
18 0.6816400163418912 0.4996060112357374 0.1908906759229709 0.189198797211923
18 0.5272903794129404 0.5437702927451151 0.18604102669171224 0.1855650576455242
18 0.34804999889832516 0.5580333415934713 0.20671846772020855 0.20671758541810392
18 0.06206476099251901 0.5621224004690005 0.12412952198503802 0.14979366060046054
18 0.1576007127381157 0.6060131698508402 0.1584877025902086 0.19321672821565408
18 0.9447064860696543 0.6146541812376483 0.09408733951915921 0.23610835945388522
18 0.5977465251187417 0.06818016258581824 0.1458531036086705 0.1363603251716365
18 0.8431435650369973 0.666924250593562 0.1717512343925859 0.24857861188514335
18 0.5880981168290952 0.6888393706896229 0.20063892412964918 0.20067300711395145
18 0.46033064400434015 0.720830584583807 0.15747416463667735 0.15775650115446965
18 0.7198201578490255 0.7301374941521167 0.15270185746461407 0.2124125345268864
18 0.058793805084967024 0.7544440779445076 0.11758761016993405 0.2363041518032925
18 0.30579919373993497 0.7806198660931847 0.17649599131492855 0.2431979283746191
18 0.17115583784217273 0.7838068816446595 0.1403259928450688 0.1816935702262739
18 0.3343995005018886 0.07974567675621755 0.13408561438083816 0.1594913535124351
18 0.46178936101454593 0.08059185212685174 0.14432993181706194 0.16118370425370349
18 0.9338735086055296 0.8226358216326924 0.10976744001860056 0.13764856332089656
18 0.18772292819370684 0.08303677971115385 0.15806813335454445 0.1571590359079618
18 0.6001995773148308 0.8882746904519647 0.1659230113107679 0.21248945294986754
18 0.8790037742374182 0.8902581802162176 0.1802621743867121 0.20536182549521806
18 0.4498053506463693 0.9023699172865434 0.1608565846410827 0.19022590569116132
18 0.727309725003712 0.9127738611731652 0.16657949438132774 0.16562144553377514
18 0.057535097377974694 0.9251171548675845 0.11507019475594939 0.14495799795713865
18 0.17787703679678904 0.9291906258650001 0.16743177642853063 0.13558036119460581
18 0.31243647884741843 0.9332151487750637 0.14392434822258665 0.12943439042379595
18 0.709161744601679 0.09682892137226609 0.1945453948979008 0.193426505732876
18 0.07451923076923077 0.10576923076923077 0.14903846153846154 0.21153846153846154
18 0.8687098297262945 0.12234121540488982 0.13586052771384516 0.15943351925952107
18 0.9658837856216093 0.13739981610839055 0.06589724771090825 0.13739333400827658
18 0.5397596768961551 0.19516365235007108 0.13558780771066353 0.13599601925952107
18 0.2724991989423791 0.23397562136212888 0.16232381386793604 0.16139024072086838
18 0.40704465535181966 0.23920206734911564 0.15324687643832036 0.20760833851114777
18 0.9416626686823791 0.25652305981801576 0.11192695848429952 0.16830809065829622
18 0.16628242765510665 0.2730525072075184 0.1295786133587051 0.18764025235572268
18 0.8152649466288129 0.2740842042052156 0.1546655769536701 0.2262451387873628
18 0.662494845088883 0.28578957005376293 0.17934653592150238 0.17831505997249503
18 0.054033355499930665 0.2941494949864136 0.10806671099986133 0.2097744368121423