12 0.7783270009915401 0.24665674353711425 0.08632951898594363 0.08583301191896371
12 0.5042186112471344 0.2542606680526164 0.10417781490230628 0.22535048872479047
12 0.6039362697081834 0.2572860528190716 0.08701565746950898 0.2480856347196717
12 0.6952404666307709 0.26036038567287856 0.1295786133587051 0.18764025235572268
12 0.34489345431622576 0.31287599682070066 0.1720510836128311 0.1710615660075122
12 0.5277667332786738 0.39954651609825337 0.14772591642999908 0.14628229125244127
12 0.7584940071243381 0.4018097092188021 0.0764496702859428 0.21797812083338192
12 0.6429415640454572 0.41690407419698927 0.14592303181461447 0.14627180237658016
12 0.8229363271189538 0.4410955712262641 0.08500340926894924 0.28172549570570304
12 0.44772654250112176 0.4613061035592185 0.15442040720020886 0.1535322889254703
12 0.6859302399255979 0.5440491947462617 0.08695188001884528 0.13931858884204062
12 0.5042160850511923 0.564335844147048 0.17569880976716673 0.1746883129900037
12 0.5759818286368569 0.593964366035681 0.14044444976251652 0.1402307203643814
12 0.63968375171378 0.5935937590885889 0.14772591642999908 0.14628229125244113
12 0.18833324401412993 0.6503025165154017 0.14771892360940472 0.14568132971397973
12 0.28061559375461964 0.6726006260160704 0.0931778518092301 0.10630416343814685
12 0.7623769629829413 0.68782544602305 0.15500738309748166 0.15233386214050088
12 0.08656053836364087 0.7206014320251618 0.15868308053419483 0.1583644552768385
12 0.656216134260424 0.7220946395607472 0.12706246104269153 0.1263316865567849
12 0.9128402757920328 0.7710789958353332 0.13982950258286636 0.13902530099550467
12 0.19741633219902596 0.7992780447986968 0.12298901489741142 0.18940467775961659
12 0.30069780296727777 0.8058882210441991 0.132673906686083 0.14379103779975275
12 0.7702301568085368 0.8392118130440985 0.1367967236081809 0.13660397338188993
12 0.4379679332125929 0.8868148431256174 0.08172546054080297 0.20659131823019605
12 0.44828849434461604 0.10315400438786382 0.12463064360646775 0.12391385523512369
12 0.6723767989521688 0.15953869888948805 0.0785873682245444 0.14347637152391965