22 0.5342088752049117 0.26329290305083003 0.1518525736697692 0.15720614685857254
22 0.2685208850855811 0.2428120473298821 0.1473623873635509 0.15145410058801792
22 0.6563113297157052 0.3287850252000544 0.17648688593705011 0.18195587168462904
22 0.38499677573738467 0.3235367209940771 0.16197187923979847 0.1676064284440158
22 0.5031155203014254 0.395946045241068 0.12743617141532418 0.14803236597188738
22 0.27190535869688054 0.38552197949812117 0.11823788879005145 0.12095232949140702
22 0.7205478386051253 0.46197748650808335 0.13008942264167173 0.16440549569223498
22 0.40096739119189007 0.45641046668258195 0.09926419084624663 0.10145180151870073
22 0.6177017073733115 0.5127284112129552 0.13077720314466587 0.20036507587866972
22 0.32798036652516155 0.5132199636496565 0.15928457754896475 0.16200155035534727
22 0.118719770901885 0.49855230070472634 0.17019381501544723 0.17605665723218847
22 0.4780368915921965 0.5520243986203883 0.16447021057264058 0.16960553730191508
22 0.7008846997547006 0.7911081853424917 0.17070029137491305 0.17430282867743246
22 0.37389173190026004 0.16691885013088287 0.12453095971165459 0.1268515439438475