21 0.5460383642558997 0.24004223401234637 0.457261637518813 0.43778868474980503
21 0.7440780216372781 0.25790597277223537 0.4399573577533587 0.42067853646070535
21 0.2164642314791159 0.2679056980505819 0.250320547619048 0.15924400599235994
21 0.8369932282988339 0.3963937787157153 0.18928397949853812 0.18098960289588487
21 0.3448513892154368 0.41661729832449235 0.6648011454198268 0.4540173760570808
21 0.8521634615384616 0.5576923076923077 0.29086538461538464 0.5528846153846154
21 0.7133150714143751 0.5647171353599937 0.3166313303731162 0.3134752416313339
21 0.043283529871936996 0.05718271291181632 0.08596609820541246 0.11435493600095942
21 0.23417577468268352 0.7316382092894254 0.398453421437091 0.37253122627115853
21 0.6334134615384616 0.7680288461538461 0.49759615384615385 0.45913461538461536
21 0.09208550039753735 0.7999921540956243 0.08958708774171598 0.1240227697297102
21 0.9242788461538461 0.8641826923076923 0.1466346153846154 0.2668269230769231
21 0.26322115384615385 0.859375 0.34375 0.2764423076923077
21 0.8365384615384616 0.1778846153846154 0.32211538461538464 0.33653846153846156
21 0.18703417880569087 0.1833514897590382 0.3737602666893839 0.36189528721038405