12 0.5117341441224588 0.1980834577407047 0.2845566476722298 0.23401685125296498
12 0.06346681644638147 0.23879003638669866 0.12693363289276294 0.19549685030352576
12 0.7295849009751177 0.22301209682836476 0.27361710836072894 0.3435591992042737
12 0.12806030596212042 0.26221204144305543 0.23947573564620944 0.352964268324092
12 0.26697910299137395 0.26617847176848264 0.2886581801386375 0.27551117247694995
12 0.860418186386827 0.27396542743434754 0.25789130837860835 0.32459369067029936
12 0.4055441201419352 0.040246918255181466 0.09756560586997573 0.08049383651036293
12 0.8890462669188092 0.4136952251899031 0.16835271745176128 0.1767136821949788
12 0.33693510469129895 0.48414416486554457 0.13269766510611197 0.42187700987809834
12 0.5561459613445373 0.05067157002649551 0.12809269269554086 0.10134314005299103
12 0.44926877072163884 0.5079288408946577 0.16313218862452153 0.47958380757500013
12 0.5850525717476464 0.5395674770594546 0.3144195979809955 0.3007100969566509
12 0.714187890863574 0.5461615540998391 0.30674580295011905 0.2939316696127407
12 0.11140971285810355 0.5739856945584935 0.2228194257162071 0.31356707242147464
12 0.20928791523194606 0.6107117737323716 0.23042752591976617 0.40375226085686455
12 0.8623441425710645 0.6411104623596147 0.20636819271067217 0.35999346636020324
12 0.7080337722730329 0.0599467519773969 0.1698699554539342 0.1198935039547938
12 0.8846576879230899 0.07599286503514924 0.1874153933845895 0.15198573007029847
12 0.03773150854501837 0.8254403982057158 0.07546301709003674 0.17123458820395307
12 0.6373582171973127 0.8383417670117516 0.23218454885640283 0.29159625372566794
12 0.2803030167021882 0.8478522859199249 0.29954689948424806 0.2853643451885152
12 0.4603393382937381 0.8472617946298607 0.26876767271177127 0.25704871273595103
12 0.11037953179867345 0.8574157401512286 0.2207590635973469 0.2809478013932427
12 0.7792944569145414 0.8506377336652235 0.2079738756825177 0.26283352262040605
12 0.8793820222200741 0.895106877633279 0.11708202171395662 0.129921602466346