12 0.5117262508737702 0.26687429302584714 0.2813620500084851 0.24387909103583671
12 0.8645351447464573 0.3351864939714505 0.21255770869025908 0.21910498695402802
12 0.9086538461538461 0.45552884615384615 0.1778846153846154 0.2091346153846154
12 0.6225206461129684 0.6147693813744073 0.18616972450128227 0.19240520933070088
12 0.3825278939973845 0.6035604186614019 0.3857004649417534 0.1703774511797662
12 0.794734842842343 0.6874974212409223 0.24651779044895641 0.2027194692397215
12 0.5336672800121888 0.6865416711145157 0.24086053842862987 0.2483557789130873
12 0.6623060103674816 0.7748703317252785 0.3599957560280711 0.1197863801998633
12 0.3414485292960246 0.7498763184264932 0.15094842527130992 0.15600422378164927
12 0.884579465861418 0.8169614235750895 0.1753935736773908 0.17955202553078264
12 0.19984884201446715 0.7945932484909976 0.22639464767346268 0.23340537413401263
12 0.6040605258598242 0.8611146552660508 0.24217442243956183 0.2508577371881907
12 0.4030331364088192 0.8638625881255878 0.17041793996868512 0.17555380781498434
12 0.7956730769230769 0.9098557692307693 0.18269230769230768 0.17548076923076922
12 0.6189903846153846 0.9290865384615384 0.17548076923076922 0.13701923076923078
12 0.46634615384615385 0.9375 0.20673076923076922 0.1201923076923077
12 0.7196226681295912 0.15453055830196039 0.2348624327152549 0.20955084802714818