15 0.8307949779666856 0.372998695934401 0.30045058411329006 0.35493600829935923
15 0.2627213932222046 0.443811311521848 0.4083525612945594 0.472628566970433
15 0.0774846271902613 0.4642480235857371 0.1549692543805226 0.2686193374439104
15 0.5951614219473307 0.4900648303444974 0.41971490728703525 0.4009048333369929
15 0.9458030344701513 0.04837560439700817 0.1017647130571892 0.09675120879401634
15 0.7821465687646418 0.761667450902777 0.3394585802832731 0.3630427490053422
15 0.11321900454099976 0.7937138170743054 0.22643800908199951 0.40716371200523527
15 0.3393282814990905 0.8103678650351492 0.35945382254255437 0.3419116848832267
15 0.6030765422701196 0.8606198090095615 0.2756089479791775 0.2487751265481841
15 0.13941169238748433 0.16451322115384615 0.27882338477496865 0.3290264423076923
15 0.7464093233279704 0.16100995130295115 0.34781682828757954 0.3220199026059023
15 0.42993924895823804 0.1755233395199785 0.32757596394115357 0.351046679039957