21 0.6995192307692307 0.15985576923076922 0.24699519230769232 0.24639423076923078
21 0.09375 0.19471153846153846 0.1875 0.2548076923076923
21 0.9507211538461539 0.24759615384615385 0.09615384615384616 0.4951923076923077
21 0.421875 0.29086538461538464 0.3317307692307692 0.43689903846153844
21 0.10096153846153846 0.46875 0.20192307692307693 0.5715144230769231
21 0.8377403846153846 0.53125 0.31971153846153844 0.4230769230769231
21 0.3076923076923077 0.6105769230769231 0.2746394230769231 0.6430288461538461
21 0.8725961538461539 0.0625 0.2205528846153846 0.125
21 0.5084134615384616 0.6766826923076923 0.3269230769230769 0.5462740384615384
21 0.9194711538461539 0.8028846153846154 0.16045673076923078 0.39002403846153844
21 0.7944711538461539 0.8125 0.18990384615384615 0.3737980769230769
21 0.1814903846153846 0.8569711538461539 0.16045673076923078 0.28125
21 0.41947115384615385 0.9098557692307693 0.21875 0.17608173076923078
21 0.6334134615384616 0.9182692307692307 0.1856971153846154 0.15865384615384615
21 0.2403846153846154 0.09375 0.22115384615384615 0.1875
21 0.484375 0.13341346153846154 0.2644230769230769 0.2644230769230769