16 0.8413461538461539 0.18629807692307693 0.3125 0.37259615384615385
16 0.2856047770640103 0.3105200425575504 0.2759688153744782 0.45901883527902376
16 0.6368110559623077 0.3218821943008559 0.2862026429880928 0.46291745744244955
16 0.39363181108018125 0.48265166388710906 0.3880549345426751 0.4183700252305549
16 0.9411057692307693 0.4519230769230769 0.11298076923076923 0.7019230769230769
16 0.08858109739457125 0.550226327992379 0.17396348832908248 0.683749574385719
16 0.7728365384615384 0.5925480769230769 0.4495192307692308 0.5360576923076923
16 0.18316321487955162 0.6850531119406699 0.3607323626331847 0.4712399299648142
16 0.5451238682149901 0.684651564198719 0.32039841439476235 0.5590108259264951
16 0.07619664955185693 0.08052884615384616 0.15236532876808426 0.16105769230769232
16 0.26793415539974025 0.7870672868844022 0.34172145911792384 0.4041052252957614
16 0.3684247866740348 0.09833376241559853 0.23204188104037726 0.19666752483119707
16 0.94777268750268 0.053325394837536476 0.10180064853042617 0.10665078967507295
16 0.7340051944080573 0.11636649123620962 0.25586746944723787 0.23273298247241925
16 0.15004539362112687 0.16346153846153846 0.29986702455721703 0.3269230769230769
16 0.514416885694319 0.18640541165790633 0.26435475379430184 0.37281082331581267
16 0.048105694767702094 0.20743743043568383 0.09456113973325819 0.14762513912863232