15 0.869235407820211 0.4022602114037706 0.2362141097030674 0.49273420310433436
15 0.26535750663603797 0.45417560721978834 0.4056391218872536 0.46828484928143127
15 0.03917532536824757 0.466905579493706 0.07835065073649514 0.4332032046283561
15 0.5981138689708241 0.5121781252141919 0.4174232460259427 0.39636526364268987
15 0.9461826348017434 0.07596648833418987 0.10114610510940955 0.10686011078195747
15 0.8064903846153846 0.7860576923076923 0.30528846153846156 0.4230769230769231
15 0.1307080553879132 0.798651176430978 0.2614161107758264 0.3424946605542639
15 0.3441224930943821 0.8243827426185989 0.3574995837984326 0.33802262363510277
15 0.6081730769230769 0.8786057692307693 0.27884615384615385 0.23798076923076922
15 0.14621438213976254 0.16636970976349558 0.2924287642795251 0.30870095798852965
15 0.7474286205146525 0.1831177713851701 0.3224504512783871 0.35202613132251565
15 0.4309866646880011 0.184247240060207 0.3523136815703728 0.33255802722419375