0 0.8442948440509978 0.2795359141861987 0.27085004074558366 0.31328410350572705
0 0.8860466878123225 0.2797077591729612 0.07621832081541904 0.5438210370640222
0 0.84062914217322 0.29697455027535835 0.09422401094814713 0.5939491005507167
0 0.8144875877615392 0.327298530345831 0.10983321025220669 0.654597060691662
0 0.7508308866812686 0.33847890346693377 0.441634537591915 0.4376090123695946
0 0.6926580277673084 0.3773835309312379 0.16413632328066102 0.7547670618624758
0 0.9022584837232203 0.3535647827152256 0.06305192438226416 0.3524086426585634
0 0.6184395502787046 0.39224613121069934 0.5241381659542014 0.5213141144703451
0 0.5278147682878214 0.44483502166896244 0.223216617270511 0.8896700433379249
0 0.13341346153846154 0.4980131799530182 0.2668269230769231 0.9960263599060364
0 0.2772742844191605 0.48967364964614474 0.2819898927001405 0.9793472992922895
0 0.4118896690345451 0.4833944738856753 0.2435283542386021 0.9667889477713506