12 0.28430687668955873 0.2438912806637128 0.1256774642875168 0.14442659674111807
12 0.36343790131665293 0.2551743729743892 0.15058624773295456 0.15304847214997042
12 0.20167212220005196 0.28900046084716363 0.13410214694323214 0.1600883639908292
12 0.5453731475875947 0.3182624506036845 0.23204152138004594 0.24115652926246633
12 0.4957555692899902 0.3817437701823408 0.11941175472336159 0.12295143834930619
12 0.39194941316249055 0.38412343544651767 0.21972844293607174 0.2329638695883545
12 0.26682902170306855 0.40646981003393523 0.19942940827677624 0.24927575362019733
12 0.16133528651751577 0.47986104895783094 0.14315023337191646 0.20574915210298855
12 0.5021202773921326 0.5510922342854022 0.27834922319334565 0.2898587931336033
12 0.26264782755313915 0.5978699156284765 0.2439781141850581 0.1960107801953873
12 0.7865434553976711 0.7033430247391892 0.21452895372872158 0.22295603648794055
12 0.7991361195687655 0.8382281680965107 0.22458510985622127 0.23455824115030693