5 0.2429880410511784 0.7877455007509462 0.1777175947259873 0.18096862325053836
4 0.14521271678596528 0.8615602366393904 0.28280235362744244 0.2717361600879843
5 0.9142826565868643 0.8757774943869153 0.1601778287680844 0.1614336491622462
5 0.4644207892061711 0.9425181125157055 0.1898727802038376 0.1012610249112912
4 0.8437491986448507 0.19198207855223923 0.30727435536816256 0.3466749837641434
5 0.5022911634561784 0.21717106706139042 0.16260614896560632 0.1656823392221698
5 0.6990289485405635 0.27863425137842446 0.21215770589184102 0.21341750468137283
4 0.34545298505280747 0.5275697490033857 0.4797332361244304 0.4500356499717578
5 0.8622449452101935 0.5245581168890425 0.2598784078670616 0.25631350836486394
4 0.6885596673333269 0.632146493511234 0.2188137346103159 0.22134539273077808
5 0.13796701676003925 0.6609859403106615 0.15292433480310144 0.15409623282862922
4 0.1376897174691916 0.09107341845665046 0.21500518044623224 0.1821468369133009
5 0.8537747416453235 0.7410301486072748 0.1981922425371241 0.1885368156829662
5 0.6774440825984492 0.07068341650734586 0.2022031809569476 0.14136683301469172
5 0.51471356002659 0.7673791009026563 0.19886312991465943 0.2005665362748701