4 0.7881806434818397 0.5564045230536675 0.06330781746741657 0.06296039265596648
4 0.4756391484368343 0.048916111032147463 0.11663035697248521 0.09783222206429493
4 0.2696126382144971 0.594989729038719 0.1732586455405064 0.1717451638127197
4 0.49848674133230947 0.5924362636700089 0.15215603971803426 0.15075836626073086
4 0.6002650892182737 0.5924955350222342 0.0651877248133004 0.06426732180404954
4 0.697158722066046 0.5940367456411421 0.1546369086023798 0.15210029743253356
4 0.16868338276968334 0.6751092836031406 0.13339455642161505 0.1849900261997635
4 0.061558183462530516 0.6837434899791364 0.11055178961155149 0.10881977318047284
4 0.9014713460402628 0.6384164300494267 0.09439478004940828 0.12763644526182544
4 0.3749985977368866 0.6882389680114253 0.12411770333929685 0.20839845131126603
4 0.8202958774313522 0.6718828510266129 0.1565938386787637 0.15460914965753966
4 0.5834095679359381 0.7060363366325225 0.14686291996762968 0.15224623266263612
4 0.269446136056448 0.7470739274284307 0.1112297738805125 0.11005669828111582
4 0.8340128529403412 0.0447241182862054 0.12401923195473821 0.0894482365724108
4 0.7158683160973373 0.7318497294731016 0.11762450291762533 0.11641633390293074
4 0.025555845160006994 0.7891971417472724 0.05111169032001399 0.10910571650545528
4 0.4547894996024627 0.769807142181655 0.09953293313598593 0.17044472258747453
4 0.13418553124911242 0.07702109466592 0.1611856831004916 0.15404218933184
4 0.15606595407047516 0.8159442957454601 0.10231566459380438 0.10175416994903667
4 0.0603289991960549 0.8372396235880907 0.1206579983921098 0.17078288855422896
4 0.886111539654142 0.8033599077776479 0.12068304228071725 0.12677268815165676
4 0.3270632634239124 0.8383156359910401 0.11162295828719102 0.09750651002086386
4 0.6377451585029934 0.8297999723194948 0.09535848538347992 0.09596049384196366
4 0.7582151165062304 0.8371526404511435 0.14962858871425766 0.16737527719533427
4 0.5396657440866603 0.8654483730377625 0.14385811227532186 0.15207122254403607
4 0.22340592939489218 0.886263283668298 0.14324193043132613 0.14245583792865146
4 0.3834923266746172 0.07531706897480127 0.16242611754266448 0.15063413794960254
4 0.38315423528409337 0.8973154336190456 0.13812614720163593 0.13736812943119994
4 0.4717580114433346 0.9161035915995159 0.08366256584178117 0.10964852826692187
4 0.10404657263537252 0.9363229070391975 0.11479703174603198 0.10966574888497423
4 0.8995656040974505 0.8923840737878405 0.07991082190419427 0.08847486632588815
4 0.6348344362523756 0.9125926565323071 0.10425737436465375 0.09468263958237835
4 0.29310316875372444 0.9384834213898496 0.08057358586762096 0.08013140883486668
4 0.7934112596757222 0.9045540453471657 0.11371871351903942 0.09283882580805115
4 0.6117502479484338 0.07692868479922901 0.10662178795042201 0.14092167602019673
4 0.23086423741374873 0.11587688686715542 0.14722474256041157 0.16723526910045444
4 0.8971308771899931 0.10820463649057996 0.14068403881648095 0.1399119836799257
4 0.7746583281937696 0.13210196835893132 0.11172950042593098 0.1645691881625163
4 0.041748722743987124 0.18724369235113056 0.08349744548797425 0.14951607481248044
4 0.051129234091489735 0.18908750612545763 0.10225846818297947 0.13144037236446932
4 0.31328636881335714 0.016909902970038432 0.06092726237328572 0.033819805940076865
4 0.5352141270835102 0.16879930821356678 0.13747768234091537 0.20199195939528636
4 0.6792138281227811 0.16400459175154997 0.09518022765993724 0.14923605862272094
4 0.4427896550103637 0.19094653889592106 0.0824920045787547 0.08203929952141098
4 0.1204897843229116 0.23127223494698543 0.11510512266802991 0.11447344119266646
4 0.6217382895192656 0.2200393892709601 0.10208367519947796 0.14484839059966792
4 0.3665454835590759 0.2408898627128309 0.14512990853139132 0.12520296343186674
4 0.22914113913734774 0.25487993950559307 0.14508332641196048 0.14316180553827296
4 0.8250334764886269 0.24292446638950918 0.10057366120055687 0.1399706942445357
4 0.9485700446091367 0.2584805839172997 0.07237412980946746 0.16706674690469245
4 0.7240880795354507 0.285924413664195 0.1259376506658721 0.12468386021129013
4 0.5723625943152454 0.017894184973942292 0.07102000367720152 0.035788369947884584
4 0.04875767095436827 0.3403898057228856 0.09751534190873654 0.13652808086192111
4 0.44370147107930735 0.3262038142087097 0.15735691643240515 0.13848819419023783
4 0.5991042210438131 0.33032444188767857 0.16434453625379838 0.16344263548064053
4 0.8812176125876697 0.3378419482303275 0.1400830772780194 0.13987698165620577
4 0.13211144474259487 0.3862621620930675 0.13812614720163593 0.13736812943119966
4 0.2775136964392186 0.39695243753617093 0.1732586455405064 0.1717451638127197
4 0.7962984707953533 0.41104183479341516 0.13556825558679064 0.13482427518247392
4 0.041978979768293186 0.46510978953312604 0.08395795953658637 0.10299109504967993
4 0.9282485004543249 0.42610792398912645 0.08262275898003843 0.09342256672846033
4 0.9414765837805604 0.024509267630572304 0.11223914013118676 0.04901853526114461
4 0.7082195546469023 0.44012058774754836 0.10155166563733459 0.16457511529773888
4 0.4454300965726767 0.4674007008586738 0.15091560527586145 0.1500874006748294
4 0.5894763797313783 0.4805648265030632 0.14921303445069173 0.14220489662738947
4 0.34177276254365646 0.5153483485359318 0.09561999418604687 0.11872702825606232
4 0.11818462962489563 0.5475298665430794 0.18816714990629566 0.17081732979033368
4 0.012615170480520164 0.5584860607550366 0.025230340961040328 0.18531153233608075
4 0.8626067100122086 0.5161465878995822 0.11901898282079716 0.11949114564267851
4 0.7085811571684129 0.04621276548739715 0.15014537797086655 0.0924255309747943
4 0.04664393180850157 0.0561640729190753 0.09328786361700314 0.10882570031569555
4 0.9244600875571442 0.5412825272314222 0.07510312959650196 0.08819485013612868