24 0.4455951801119139 0.36445700579037965 0.29996957663033785 0.12190898704157395
24 0.7084551595798019 0.4633651286485913 0.25497805413821995 0.19735043753143194
24 0.9027259265292253 0.4753152349338975 0.15918029646054885 0.19078491172617837
24 0.49711668663461145 0.5162349575102425 0.20892440143273888 0.20248987689715092
24 0.3386362966960866 0.540559313633758 0.21517888987964046 0.20853445520130334
24 0.16358203702980922 0.6765925900720456 0.19120466065990763 0.5196192583152045
24 0.7748037032467118 0.07423574024962512 0.21541663196811484 0.14064328281491792
24 0.0409360814205753 0.7515095967688487 0.0818721628411506 0.43328318103248287
24 0.8602872726544708 0.7792269587977512 0.22133338402990652 0.24161531015231766
24 0.5461935526778898 0.7870172790133048 0.17502872304697611 0.329065502535545
24 0.271665345014856 0.7974422006516486 0.27146928590175395 0.26293565993867457
24 0.4110394473254757 0.7994552634618299 0.25645851362919037 0.2484286720087092
24 0.7620009857870141 0.8014970979627903 0.13949648528733832 0.3564964594956002
24 0.6318994458045785 0.8079534373623297 0.1478966806368251 0.370964988214075
24 0.5632958642296421 0.16076640784902985 0.20953044887329086 0.3058342837608133
24 0.9147247065812453 0.18084408108774366 0.15947414413529243 0.19799645018771683
24 0.15302251254025162 0.17877966612476234 0.30604502508050324 0.2914500667268018
24 0.7691981551920807 0.2413100405258402 0.24166812711268412 0.2393303379248971