2 0.23492713534155113 0.33676993907121044 0.03889002282230313 0.03158223883153187
2 0.21254597830371663 0.341449477554468 0.027317207789129938 0.0446693117180284
2 0.26663251676525507 0.3445996596892628 0.03402782668459404 0.03847875907959082
2 0.2039145014451878 0.36966559497366297 0.03107752282230313 0.031127212523172486
2 0.28387895851529643 0.3826993236431568 0.02935674880401292 0.040001627505215964
2 0.2485498764855304 0.39021458683534493 0.0465479770198991 0.04578937647706656
2 0.2050805617715252 0.400845590926223 0.03892659527702714 0.03996069834627337
2 0.17437701947996997 0.4062370241543245 0.04316989850098185 0.048584172027054576
2 0.21883024195083098 0.4243821698621604 0.04099374305898768 0.05144897162448254
2 0.1928433156822272 0.42885169620309826 0.03596732572708984 0.04038664976613527
2 0.2376787746673442 0.4362495382660664 0.04710340041599031 0.04522341696232492
2 0.2749383900519596 0.4384196637367027 0.0481418120028629 0.0668230303232204
2 0.2112006042244508 0.4658194411275091 0.03939094238837749 0.03819281575460865
2 0.736790201420059 0.6747277037984382 0.2759187492881239 0.26975355643610754
2 0.5545905573103175 0.7179636149067945 0.23575436818358797 0.2608328459475145
2 0.9219429882086445 0.7967971449259471 0.08275195914648738 0.08140333595922956
2 0.7096966865841027 0.9172598576880302 0.07102388860677177 0.06875406876303977
2 0.41958300032274065 0.16803214536032976 0.028219004948891343 0.06446604046353926