28 0.8017422777203684 0.27884615384615385 0.29218679039493406 0.3167067307692308
28 0.16501676198598741 0.2956730769230769 0.3254180019957635 0.3269230769230769
28 0.9242788461538461 0.49399038461538464 0.1466346153846154 0.30528846153846156
28 0.38971616820337773 0.4987980769230769 0.26232312374947936 0.25841346153846156
28 0.6540912025435843 0.5649038461538461 0.3621815540686494 0.3329326923076923
28 0.10529488823270584 0.5925480769230769 0.19405781593243637 0.23798076923076922
28 0.1927212019224432 0.09254807692307693 0.2412116346141172 0.18509615384615385
28 0.8510393737507467 0.0733173076923077 0.2602880981508771 0.14182692307692307
28 0.8245192307692307 0.8401442307692307 0.34615384615384615 0.31490384615384615
28 0.15174694180241435 0.84375 0.2752025199779131 0.3076923076923077
28 0.4882854033408759 0.84375 0.3124621353625284 0.3076923076923077
28 0.35345413897984973 0.9002403846153846 0.32371120254611935 0.19471153846153846
28 0.5260193612620162 0.2512019230769231 0.35281792519742167 0.3473557692307692