10 0.40172865973307315 0.2977234522718698 0.20025360469498457 0.1337447427433922
10 0.39851143984398785 0.3410837593258413 0.17167584351261284 0.17589345132865597
10 0.4049919183071201 0.4076628413556073 0.2790190661381887 0.10198627689794812
10 0.655304603617714 0.7420112138354601 0.19179567236075895 0.09358036163885632
10 0.11207258772528658 0.8024084637690654 0.22414517545057316 0.13389999824993465
10 0.6230732884814614 0.7911631209539798 0.14463091731816966 0.14809396505288291
10 0.12555944837214053 0.8528160880903867 0.20941783164698552 0.07335742866772321
10 0.656753467905136 0.8137622933118815 0.1395713129089571 0.1423210060677659
10 0.6772124934826567 0.8373633048019321 0.13839738006553629 0.14283089132148666
10 0.13022553254864777 0.8812068605128366 0.13330978542282151 0.13645697079790808
10 0.11800871318122744 0.9120746239985806 0.21854421565791757 0.0764443469571253