4 0.6880426512989687 0.5722134409491478 0.19850423619971463 0.2001681176070767
4 0.8091349923876032 0.6189007227862032 0.09957008506394296 0.10069726399511417
4 0.9028500199978935 0.6162826260914629 0.1567581109281902 0.188863108861918
4 0.3003718069520441 0.6516362146248399 0.15401097179064244 0.15633772386630904
4 0.45524502192657224 0.6513281050024733 0.20716250446614437 0.20892440143273888
4 0.5986714261940171 0.6730953822768372 0.16572650633394453 0.1670193288384988
4 0.7188806408227121 0.06554464642505052 0.2118781414314989 0.13108929285010104
4 0.06801797937388089 0.7816724194210496 0.13603595874776178 0.1866551611579007
4 0.7595450078170338 0.7553771426749625 0.19417510206649963 0.19578997569424564
4 0.118885035427324 0.782682534191586 0.1570157794829501 0.156460160397452
4 0.5005370156535064 0.7863393766609579 0.11070214426363843 0.11195534319953691
4 0.9090859446382233 0.7732937776562709 0.11462266500179542 0.12291957472921612
4 0.6126784475312415 0.8105819169361327 0.08849048444881219 0.09124206940607629
4 0.5444876287636098 0.14228206364551005 0.12554488986323248 0.12696611547210054
4 0.7234821118828104 0.17940702562308028 0.137850330663537 0.11666304121059373
4 0.12340774499080719 0.21466266493154287 0.1410235693909977 0.1432032981278159
4 0.8840280801716477 0.23168968371058576 0.17450717796435866 0.17998234343339176
4 0.392056845423302 0.26494145405174435 0.17874888112329906 0.181355677653915
4 0.6340409419984392 0.2826928131046158 0.1921780627623792 0.2509315133953356
4 0.7630221587798889 0.34706611880831684 0.15579456366583982 0.21763580078938596
4 0.42730092403154313 0.37395118953003625 0.18528127580822856 0.2614549734128999
4 0.0862124387401489 0.4202629279323538 0.15459444713424908 0.15576124963407606
4 0.26003664382776825 0.42878660912605626 0.12800119460164316 0.12886694931239973
4 0.9000671132027024 0.4231158329940481 0.17365497878453312 0.19195259959016517
4 0.5693063221476794 0.4858137229611736 0.16486787624072335 0.199397789996736
4 0.7384627244864455 0.4897256102970128 0.13706164534973525 0.15144534852267702
4 0.3066575883636731 0.518124803861464 0.18489838606675343 0.1864082430238934