22 0.5128707232956345 0.28179510587269807 0.10820144793628117 0.11130310580209997
22 0.2075612840054508 0.27651788811718964 0.08657032884361958 0.11127456432578597
22 0.4335158298830818 0.28429462045954657 0.062975495705703 0.08354933349567648
22 0.3623786056595835 0.3206927879282095 0.1352831763785412 0.11870056149364644
22 0.9055413449599045 0.7680606374718228 0.125559406712592 0.09979097468366077
22 0.43305970921880205 0.7759511037005045 0.11363457582611093 0.11566721232502448
22 0.6722144311908648 0.7877183015604381 0.11122024079640379 0.11379438293022058
22 0.7766418872050246 0.8147993610036482 0.10705196923866385 0.12028255648931327
22 0.09746444515268991 0.8106649608176368 0.09982994190126405 0.11826983753567023
22 0.2452730132785988 0.8197742570596289 0.11363457582611093 0.11566721232502448
22 0.49286217454084524 0.8281804924167615 0.12331638998861595 0.12736526067347198
22 0.6297905017192799 0.8477923448436736 0.10275783117059042 0.10513611466379083
22 0.9386148066494366 0.8687994797683113 0.1088723353138165 0.12333982276618563
22 0.4235096619240324 0.14455679202908187 0.10876744655520582 0.10531097661233947
22 0.32117837837179325 0.1704302927499066 0.09247855176157767 0.09402154165895006
22 0.67209096874598 0.1890556920836165 0.11848072734529407 0.12241767880694056
22 0.5061836286271509 0.1914410407652088 0.0870244461200258 0.08605166590525617