22 0.2645224769890978 0.4292835561683847 0.11814112148427401 0.11719939207875175
22 0.4104341791992783 0.4415485631559661 0.1947532818028037 0.10194206457586315
22 0.6441955826651492 0.43092827317050464 0.17134517013162145 0.10899424522763947
22 0.4278994088352258 0.5875945058130375 0.11004297487106207 0.07829634907155517
22 0.1267627397626222 0.7064612088549153 0.16185997382717526 0.13570641084492563
22 0.31058939723281254 0.7942021885685485 0.18525956884017253 0.16271281364294218
22 0.23390966361524232 0.9249662261008963 0.13804426390680768 0.1283845706342538
22 0.2604887978049506 0.1987351272635037 0.1127577376294553 0.10002907657742797
22 0.6583418096164192 0.2702140724702545 0.10595379741710212 0.11381442471233222
22 0.18719620013753813 0.360651052674594 0.12418012519770706 0.1266553197013328
22 0.6519537043282164 0.351724039836674 0.13867049543660445 0.11170481573921662
22 0.5169768631256143 0.3748299403079836 0.14201148972479444 0.11675778835005236