21 0.6883880581562395 0.1453568506154311 0.1502101200205256 0.2907137012308622
21 0.6896039664009775 0.13901836173349302 0.21276915630616375 0.21646207388290614
21 0.8496904909006908 0.1749611389434822 0.20975385973799485 0.21458925159217432
21 0.9581634475766365 0.02898048162917296 0.08038939515327297 0.05796096325834592
21 0.8353365384615384 0.42788461538461536 0.3245192307692308 0.5144230769230769
21 0.17936784452813323 0.45968274681442306 0.27216576089022165 0.9193654936288461
21 0.14091329865050217 0.45952325154941226 0.27908550440930424 0.4607611892088678
21 0.38252620473737137 0.05033787906292722 0.12082164024397347 0.10067575812585444
21 0.5833468574685277 0.4708630411229162 0.64555746659152 0.6561646489926287
21 0.35865017533907884 0.48691168693119624 0.5518665028771582 0.5608475425953264
21 0.5435699118772489 0.04636742898130323 0.17367828529295928 0.09273485796260646
21 0.7764423076923077 0.5228365384615384 0.4423076923076923 0.47836538461538464
21 0.7936678080519524 0.060201019553365084 0.15945100071928936 0.12040203910673017
21 0.265038424306928 0.09961471533867498 0.12089506237500121 0.12359077624465821
21 0.08724471251310877 0.1193800257192307 0.17423769200555117 0.2035476408692309