24 0.232407700638835 0.5549857604621797 0.37387454670224385 0.3474607165495997
24 0.8049676715592943 0.7042031267510157 0.361354277018136 0.4546831435574789
24 0.4430209749846148 0.7029941691007482 0.4802177688788465 0.40038930441752174
24 0.4910540071898503 0.08598900952617564 0.20012270465531537 0.1337946422720087
24 0.6801455713706196 0.17697550721672067 0.19495284384439115 0.19553981784778326
24 0.2194453569972755 0.1818860553535258 0.21464520173245205 0.2158191497392363
24 0.8416208798522968 0.2661166552171481 0.2072238502448721 0.20663687624147992
24 0.42810339125048064 0.2588970772432162 0.2545889164418272 0.25458891644182713
24 0.6478295038881943 0.3770532344496801 0.3378293345210472 0.2697403501275644
24 0.13221976799997986 0.36737185030352576 0.26443953599995973 0.27120652896223313
24 0.9045644612183223 0.45518325914492597 0.16702986731282066 0.23453187770291145