2 0.4017186522548276 0.3965141970501653 0.18836053796576843 0.1288632963898292
2 0.6925420799466457 0.4051970404547671 0.10517610411667769 0.10578108547631096
2 0.49534278148412836 0.4089679170794934 0.2132661092579358 0.2038021200659882
2 0.5935088758385342 0.4443420941517457 0.10945276309185231 0.111864129619639
2 0.26753598045098187 0.4602912256474824 0.1215838789905937 0.12168931068848766
2 0.6940228737820309 0.4845659228223829 0.13253405027419518 0.1332963967273747
2 0.7901487486534994 0.48864814060394235 0.1027163153980763 0.1009314338779259
2 0.5575901978774158 0.5350798382828533 0.13084962257625812 0.09180907092818202
2 0.1909337312099334 0.5346906618368121 0.12706945386328589 0.1283942960156235
2 0.28187430146161196 0.571140884113909 0.15443439284139762 0.1565105688051485
2 0.4043026276135001 0.5877038848623203 0.15195362566101303 0.1498580325913788
2 0.6999337476130106 0.5964706468483076 0.18421716361454443 0.1858707239622896
2 0.5229573568403534 0.6186270235977692 0.15077268104587313 0.1516399375614171