2 0.4379999179287533 0.20376596789837265 0.1182588062588956 0.11875001528481992
2 0.7386765856093513 0.19808064052705426 0.10504682845827445 0.16269651814702327
2 0.29304679994145216 0.019967169903005375 0.1197474460367505 0.03993433980601075
2 0.08992179994145218 0.023445605926597432 0.1119349460367505 0.046891211853194864
2 0.6419574863405261 0.21710537890305373 0.14537349233662958 0.15090241497721482
2 0.05061133249437223 0.23775564163134685 0.08563547203837232 0.11341003839025597
2 0.7978381316753758 0.2321236730563765 0.08600073656008024 0.15182960477307839
2 0.3304369785896706 0.2520565809076864 0.1540226508918446 0.11279763918476277
2 0.5302010824211875 0.25109883122543863 0.12261246086549814 0.12250268679109534
2 0.18892026376125948 0.03232695148812764 0.08817706598405743 0.06465390297625528
2 0.8207419968404369 0.32159635056615055 0.08008907040037955 0.1540235905333444
2 0.7550769991217826 0.3347221225878406 0.08243476589623591 0.10849741588577352
2 0.4667134098851587 0.3471992676335371 0.14171874849340327 0.14957457566414362
2 0.23138135987052166 0.36143541044649685 0.09819546861635359 0.09764576971767092
2 0.6797966167877438 0.34818367123925903 0.15386041579377702 0.15299910414361173
2 0.3144609760155856 0.36214510624585916 0.06985028201202576 0.12366072301989711
2 0.5683605929210983 0.36050053609831256 0.1276160516230193 0.1274782674136517
2 0.18798764749842675 0.3894306850512982 0.09357040856951536 0.11668766459421799
2 0.11199508821203709 0.4149534365506634 0.11868631158203585 0.1439694138608464
2 0.39971791734327505 0.4458294664316298 0.11505810011675904 0.11383739278033754
2 0.703902405029728 0.43761437667031705 0.14512861927434365 0.1448927995925995
2 0.482036381923531 0.4573984420020158 0.1488813123424844 0.1486244850595168
2 0.04446706370271168 0.05742520801416927 0.08773424940022137 0.09127939166396916
2 0.13255027060529684 0.06277470780635966 0.14819975791152548 0.07298727537079504
2 0.2773687351855528 0.07216113528351144 0.13794565826247585 0.08643164204696603
2 0.8669210733530058 0.8050479648343976 0.17014657306194947 0.16977070270538192
2 0.9555288461538461 0.8100961538461539 0.08413461538461539 0.125
2 0.14687130816001717 0.11884537163458386 0.1388516885929345 0.10866721897004296
2 0.04259784814245283 0.12970848094441806 0.07794745364123647 0.08673688426501004
2 0.5716888750508928 0.11725038169397453 0.11190636858707971 0.11012669335277817
2 0.4908396488443536 0.14173909843128085 0.11820983164643852 0.11754809220789685
2 0.6437287526758706 0.14241825981895878 0.09631912208228328 0.0957799269842122
2 0.3821502934187547 0.16238548067136385 0.10507540590794526 0.10448719307368605