22 0.37873980530747875 0.3870277203139845 0.15152938621837014 0.29421909096966126
22 0.824435251525873 0.44170536766545554 0.23717359687644 0.19270825282381843
22 0.14454837728523687 0.454757680056777 0.19528844175361396 0.19266195731726873
22 0.25638385638151473 0.5725568742904532 0.192411282800771 0.20206732979033368
22 0.651052075660695 0.6170828131879106 0.2540743745669495 0.24993367993732168
22 0.8391896096538806 0.636416906126994 0.22579260980453325 0.23991012530774306
22 0.3988756597525494 0.08425940448335884 0.20159747335125264 0.13379680143653527
22 0.16626039580413002 0.7097053804593491 0.16659825311814072 0.25620665168125956
22 0.6148702831342295 0.8028445662723586 0.217270140606038 0.2537731698513008
22 0.5348557692307693 0.9110576923076923 0.20432692307692307 0.17307692307692307
22 0.2209551816173483 0.10500879736737626 0.18295940967543686 0.17997768809735895
22 0.7524038461538461 0.9326923076923077 0.20192307692307693 0.12980769230769232
22 0.561172557296027 0.14157686182234658 0.1473750301667413 0.16833218610621772