3 0.3801872787432214 0.29568011149642126 0.22825331525967624 0.21893585771209953
3 0.13776778934889486 0.33324242795731845 0.24903975940596934 0.2530233174530985
3 0.8966346153846154 0.4338942307692308 0.20192307692307693 0.25240384615384615
3 0.6039114732089627 0.45330390475037446 0.23468655566203886 0.22568630998587097
3 0.3638635469517577 0.5653295018402247 0.23780689745009567 0.22755913227660274
3 0.7760138565891489 0.6481303583096161 0.21111645885509928 0.30734663907176835
3 0.12535607530454224 0.7013935604685364 0.17588456792884177 0.2351188517063036
3 0.24523704740608251 0.08131616787393182 0.1515935895448225 0.14634389196530462
3 0.9278846153846154 0.09975961538461539 0.13942307692307693 0.15144230769230768
3 0.05684321525115732 0.08173177416981842 0.11368643050231464 0.16346354833963683
3 0.5569216402447702 0.8062486583746264 0.2513513625237816 0.24227594743613806
3 0.8978365384615384 0.8533653846153846 0.19951923076923078 0.2403846153846154
3 0.3189551701167072 0.8571160538920943 0.2296092837975983 0.22136767893608458
3 0.7391826923076923 0.9242788461538461 0.17548076923076922 0.1466346153846154
3 0.17668269230769232 0.9435096153846154 0.14182692307692307 0.10817307692307693
3 0.5047592677826053 0.12336052519134656 0.21624930479597979 0.22825750409102583
3 0.7441873273845021 0.18893979278472287 0.1650421267711627 0.33747763626621274