1 0.6994009736107036 0.15471413019295432 0.1633585485088534 0.24882278694797216
1 0.5999924020616587 0.20624520255263568 0.21206313799711188 0.2186568767264044
1 0.5077953689741523 0.2572719950184936 0.20770950495237492 0.21415598268577674
1 0.4061088675074094 0.31257692990688535 0.1727087482155048 0.25906852143063597
1 0.8086043067064287 0.4181709506360897 0.3127766735251646 0.32161850144686643
1 0.30807393688896223 0.4724491724875847 0.1849378648530157 0.4547592313510035
1 0.7142132878586562 0.4753754517845042 0.3072630894822207 0.3182354838341912
1 0.21724671519324307 0.5281996106121644 0.31721425072733356 0.3285232416413403
1 0.6146788000734632 0.5233007549134162 0.21878630419460002 0.42835043032499615
1 0.5127404661344241 0.5713941513402696 0.21451661530729502 0.4262533824382145
1 0.4125077202169006 0.6338265780412292 0.18764123439138997 0.42917002514406905
1 0.32288242159810443 0.6894929695168381 0.21532743723933673 0.4323050211473151