4 0.12586665154248353 0.5014815088040432 0.17749449946181134 0.17950381842607316
4 0.052424338672926146 0.5204367824511344 0.10484867734585229 0.16104951202080806
4 0.08457234951445493 0.6004044656334437 0.07269344032299453 0.18783873214375837
4 0.035207842121782566 0.7710244778006211 0.07041568424356513 0.2758596982449116
4 0.10769589327500041 0.8371608695527823 0.19917514251759563 0.2025964510671514
4 0.030894279633357447 0.9536678108804716 0.06178855926671489 0.08941469748446287
4 0.12545825415689132 0.10670383854936019 0.11927579937852507 0.21340767709872038
4 0.06021393284207453 0.1477426793800662 0.12042786568414907 0.15643771816294458
4 0.018657590710572516 0.2863780723603853 0.03731518142114503 0.1670275091253832
4 0.1429440169928373 0.28589650652269744 0.10642546871498816 0.10938008590209045
4 0.07739213354207766 0.3344101109682934 0.15478426708415532 0.16822125191542187