4 0.6705268224339043 0.5804327457019125 0.17807516375842175 0.2247606266620143
4 0.7901128022401431 0.6285482542592097 0.10239013351121838 0.09957008506394296
4 0.89828587916322 0.6254007391853318 0.14038366981872213 0.23686266403745615
4 0.28099930022728264 0.6553608058756667 0.14367498162362702 0.16976480606802233
4 0.4356973569131602 0.6568589829877239 0.19829784392379446 0.2217493880563109
4 0.578318033052812 0.680306526991784 0.14323717593332028 0.19314984748345765
4 0.7166035830702537 0.06914146739330676 0.21643225693641563 0.13828293478661352
4 0.057893830289873556 0.7825825638996352 0.11578766057974711 0.18483487220072967
4 0.7365992720037992 0.7644925896835649 0.2075809897076472 0.1854229719123999
4 0.09590426795635923 0.7843347964757874 0.14102019416851877 0.17568699047836325
4 0.47699574165885955 0.7924443457788547 0.1206289918073842 0.10370044014035838
4 0.8854395756703861 0.7841595025083072 0.1214690403766629 0.11812351706343531
4 0.5882964137510716 0.8180030949922915 0.10010314769897705 0.0809053049819255
4 0.539688291654582 0.14868107944110365 0.12910060312284044 0.12554488986323242
4 0.7173866034377678 0.18790637483079428 0.14109075900357373 0.11509479226287714
4 0.11699695162619356 0.21617490498826958 0.14503469420109744 0.14160704473460434
4 0.8762160204978289 0.24207933298920817 0.18181557473646356 0.1756741286515719
4 0.3838594375144518 0.2696041942266517 0.18043271440571815 0.1828332085285456
4 0.6250378059617959 0.290184002274512 0.22643803016032693 0.22076835459910554
4 0.7519871865948982 0.35608355025768723 0.16196013542634255 0.215892524057326
4 0.4158806036115209 0.3790620008328626 0.22891188036161303 0.2220402224554482
4 0.07666210391111919 0.42141111019764627 0.15332420782223838 0.15401097179064244
4 0.24721505709854094 0.4319651136897319 0.11236683184663221 0.14725588094066294
4 0.886649988292063 0.43375752228212494 0.179049854074973 0.18999228840551952
4 0.5544528992701045 0.49261880321644386 0.1704904573064092 0.19754249548269642
4 0.7232940166892994 0.4985050039596761 0.14810950594084515 0.14289639878580188
4 0.29117359564695594 0.5218773995577858 0.17427123665577804 0.2006522203441332