22 0.37579933253742903 0.7512811010353607 0.12474656749416137 0.12890712301907487
22 0.04937766108840083 0.076758449449411 0.09816789210710201 0.11986305274497584
22 0.49002398413581416 0.759003091554635 0.13022865009902773 0.13336576588982588
22 0.06823290271719983 0.7441616399437456 0.10310146228687284 0.12729851307453216
22 0.3018614485457205 0.8499177931525383 0.12842576548364312 0.13328179518931932
22 0.21441477896518568 0.8626581421381325 0.08965393887240423 0.1825161705474011
22 0.39725394417491827 0.879580634661279 0.11301056193710729 0.1445732798874913
22 0.054086538461538464 0.9423076923076923 0.07932692307692307 0.11057692307692307
22 0.3124668537702988 0.15026026817947016 0.10529991851775064 0.18444583969538295
22 0.4114860982756122 0.18129297416614734 0.1226574160205114 0.14682400823891212
22 0.16576321615746675 0.2082785168917621 0.08676451922950182 0.18898679630296697
22 0.43766448363940813 0.30500873735239126 0.10704594748927344 0.11247040624750969
22 0.3744064866381229 0.0522656944691705 0.11900528096855358 0.07519762422798001
22 0.3571085745480382 0.36850975790377716 0.1118955990876586 0.11509817426937374
22 0.11207802072632439 0.43515876216785354 0.09667666052582496 0.17203474565712076
22 0.12954985327135793 0.060076448431020564 0.11486893731194663 0.11343524082150046
22 0.45980534028115166 0.541425367434382 0.12045591814354495 0.12390349907686699
22 0.32400901223419043 0.5363014977397959 0.12658092157756562 0.13079397833496634
22 0.48171331480981944 0.07647872526334074 0.09676666239938801 0.1083888030472021
22 0.3878726891817074 0.6173374820240303 0.13880994880026057 0.1433730137742422
22 0.20640328421166923 0.6100863545832729 0.0864738458407407 0.13793305576723838