2 0.11518027846877965 0.40774267196189723 0.1284362553063163 0.13535523267349553
2 0.7583979414307436 0.45601214503454285 0.13510977116543244 0.13934602416518407
2 0.22029305694009413 0.4450830240891671 0.1323042701039158 0.15058928327735352
2 0.5219757492477866 0.46265403999657795 0.13879945897758744 0.14436372861519603
2 0.8552860751717143 0.5036797765220412 0.10786719530387227 0.12635266386701743
2 0.4166470910308304 0.48173406843725286 0.1290162371994314 0.13418831162029235
2 0.3159163286681025 0.4890748822984564 0.10322429851286262 0.16990783796123038
2 0.05431669080580005 0.49785246149502327 0.09428330419465202 0.17358953837466196
2 0.7575046297418393 0.5424105984781247 0.15379202797110628 0.14343589459281
2 0.6448595348366126 0.5550609872495447 0.11030995910232261 0.1631163237843311
2 0.13460867756865824 0.5577611901645171 0.13755557660997147 0.1418898784139101
2 0.23441025224396647 0.5659753722558736 0.13085059128283566 0.1360962023068368
2 0.5469731911800056 0.5877821938210127 0.13451929944964414 0.1399119836799257
2 0.9471153846153846 0.6286057692307693 0.10096153846153846 0.13701923076923078
2 0.8719959334375503 0.6355294404759353 0.11529902004154789 0.13939288045934908
2 0.7507485601857447 0.6368724932229685 0.14490348276626172 0.15012240269854923
2 0.45994611450639916 0.6235372829732858 0.10919195460678512 0.16785401204458347
2 0.34719612137444056 0.6301780563600906 0.15530864572822553 0.16153474479409596
2 0.6279155469486029 0.6849505378751221 0.1235236647718919 0.12906560109912052
2 0.20627132304741333 0.6736002710698765 0.16547558441479432 0.1249051658364396
2 0.0801323389065295 0.6698556153194579 0.1395367882108006 0.15221123063891595
2 0.7344610245956509 0.7355820478959857 0.14338990665523108 0.09780374682867542
2 0.8739470404547671 0.7473082866297814 0.1381880076164525 0.1437277650530146
2 0.5520834115835395 0.7429702788389694 0.1358125892845375 0.17961044724210715
2 0.42375037774227364 0.7511048457629018 0.15406476336060956 0.15906089459281
2 0.22384743006462995 0.7862891698404412 0.14492446241160803 0.1513243257754725
2 0.7037504120824802 0.833451553999724 0.1978540787330051 0.12258854434808561
2 0.3210922177764897 0.854389493635632 0.16936153721165148 0.17556094518580834
2 0.5568369780161841 0.8777256715492338 0.14245767732172254 0.1475785484498234
2 0.45552884615384615 0.9158653846153846 0.1658653846153846 0.16346153846153846
2 0.44157613448938193 0.19021493885401913 0.09347558784881499 0.1273154999131235
2 0.5384223089396598 0.23547872418767143 0.13508879152008604 0.13814410108826097
2 0.35341007367489163 0.22950579318962158 0.10201188561326632 0.1692368723753289
2 0.734923200547821 0.28054323007421866 0.11377191246175564 0.12069306871960145
2 0.6424170829154369 0.27755676457519374 0.10167621128772371 0.15000610314455967
2 0.2703663998482899 0.2871055098688297 0.17800136831842772 0.12023155448840447
2 0.4567903546434453 0.3051676756835502 0.11845372689736941 0.1137615464478226
2 0.8128323208021795 0.3415138737257558 0.11247558098077366 0.11521441082600781
2 0.5679966670807608 0.34766574035571185 0.11924350524394875 0.12461385616385019
2 0.6978672983244925 0.3588319467099886 0.10577059565363783 0.10942073471893463
2 0.4071487712265327 0.3503044287679981 0.10701447802125366 0.11189458492022061
2 0.18002726897876398 0.33947750995570625 0.1284812562430979 0.10353927315875389
2 0.3140071809415787 0.3796998822984564 0.1149213864253127 0.11775826507473369
2 0.9043192488735807 0.423687254206824 0.12777235483181543 0.13171446141900625
2 0.6700491471003129 0.4160460803406621 0.1552981559055523 0.16093378325563443