18 0.5234996978061811 0.5941517003724364 0.31120776317223936 0.31180715535034736
18 0.8271876230061377 0.6240659315791139 0.3092881256230424 0.2018311938118859
18 0.3206887687318284 0.08922808802799172 0.2047763086901894 0.16816135024487194
18 0.11093658935007356 0.6747004820840279 0.2218731787001471 0.2262872715243325
18 0.3372977060488447 0.7220830531027247 0.2258099625363432 0.1686509139723025
18 0.8185555519532204 0.7741664408438041 0.2617011825656713 0.263198203471261
18 0.5944754745261329 0.11002948094273556 0.2341259740246572 0.19767890577435918
18 0.5220223095709404 0.8165634197434835 0.29785936656960005 0.2009644691071049
18 0.18314902410684938 0.8736062711883015 0.3424144389971394 0.20680723900993614
18 0.8028846153846154 0.9362980769230769 0.34134615384615385 0.12259615384615384
18 0.4855769230769231 0.9555288461538461 0.28365384615384615 0.08413461538461539
18 0.8489055332175897 0.1375948111967956 0.2680346175687491 0.17864446450408675
18 0.11853145487343178 0.13978876271298085 0.23706290974686356 0.17440925619519249
18 0.36652086975668496 0.21895286006431652 0.22134539273077808 0.222611564618216
18 0.6495453265501386 0.26161266892478685 0.24762731143689912 0.24845341324158673
18 0.09540466221355261 0.3219775191427885 0.19080932442710521 0.19683965367019243
18 0.45014316059199483 0.3880343728066243 0.2637439682181327 0.1737388594509084
18 0.7282340472056776 0.4377938198480775 0.2540446650213624 0.1687073665821049
18 0.19483804008816594 0.47948740223808783 0.27452068150415465 0.2749102109384885