17 0.43601034077826 0.1849686839565982 0.2554341430949816 0.32682143699129634
16 0.6360079384539249 0.32229827136393613 0.1874386702842951 0.28614117899022296
19 0.8505171572202078 0.34807588257300454 0.2706607591404297 0.4117124722166468
19 0.22372787983074122 0.3844802380173038 0.1878506614647648 0.282577433083939
19 0.44491405124606537 0.5376616953802184 0.3352334920668839 0.3413829389002767
17 0.07301078871254793 0.5248283880454969 0.11125103155461662 0.3861952376294553
17 0.7081777519729815 0.6482798018319668 0.24783188689335434 0.3759868481673543
17 0.8882211538461539 0.7223557692307693 0.21875 0.31971153846153844
17 0.22979192411902852 0.7058392027919533 0.25289153967836897 0.3811307270709288
19 0.06971153846153846 0.8870192307692307 0.0625 0.22115384615384615
17 0.8569711538461539 0.9326923076923077 0.21394230769230768 0.12980769230769232
19 0.5420673076923077 0.9314903846153846 0.18990384615384615 0.13221153846153846
17 0.19951923076923078 0.9495192307692307 0.14423076923076922 0.09615384615384616
17 0.18241479316677495 0.12172985739867313 0.24463727864124218 0.2350550499002897