29 0.7743499617290979 0.255485195516368 0.20627278076352068 0.2216508090907805
29 0.6086531042331367 0.3613743463242169 0.20956359939763686 0.21587226189766362
6 0.37085108374107495 0.4260577385779586 0.3886807379176452 0.5136454799954576
27 0.5174022657677914 0.507113287148251 0.1347762455203449 0.13740965156742513
5 0.4811981499828696 0.5986743676775409 0.05695258889107972 0.0581535228724765
5 0.24314416901348562 0.6585500676235903 0.06517452466672857 0.06646667062072326
5 0.46265005044545254 0.6589550075957622 0.05116599432894239 0.050595382123690275
5 0.3991319869168791 0.6895565427350417 0.044303456928543275 0.04536406479825098
5 0.422021293878464 0.7351221563165506 0.05065951796947679 0.05235975537382514
5 0.35723320634399486 0.7875123523014445 0.06194925155676391 0.062067383025243734
6 0.3798774536402905 0.237026746755828 0.4819634228323079 0.474053493511656