22 0.2748233474246555 0.42024130450777225 0.11004744807406802 0.11249094446475624
22 0.48282414066132046 0.45772319343728474 0.1175739371322594 0.11904701755781624
22 0.3621381336336524 0.5040861790711489 0.09489998477868948 0.09757591366325148
22 0.5063842352933479 0.5837981774788813 0.06689908673385626 0.13436150654473167
22 0.45396099398261486 0.6630878183969421 0.08040880692663996 0.11802653734623657
22 0.031463917954688295 0.7091539661681848 0.06292783590937659 0.1341703882876037
22 0.6650789679243307 0.7792411650348992 0.09027870742416784 0.11219010884345638
22 0.22556328410575216 0.784550935850791 0.08426142582508928 0.14585292068494893
22 0.606714212157955 0.8798011161986122 0.0953962395188709 0.1413094915438326
22 0.6114622351535678 0.3287007443499504 0.08780931574617003 0.12217876428545041
22 0.49810352520681506 0.3273511120458548 0.07208727516235314 0.13056461905683447
22 0.4332047898626109 0.34536060741613156 0.09293962486497848 0.09443449154383246
22 0.5508672711624113 0.3566899294745749 0.0703133302018128 0.14240169725658364