18 0.5505804827733674 0.5506489721674608 0.373102458229012 0.2659075785992908
18 0.8485576923076923 0.5552884615384616 0.2980769230769231 0.21634615384615385
18 0.3244935071156479 0.07529039686629992 0.2066793219236035 0.15058079373259983
18 0.14094379661698364 0.6648045912085718 0.2479929166918193 0.21362504632836732
18 0.3705332148722097 0.6935711298873014 0.22771297576975746 0.17644728926163705
18 0.8413461538461539 0.7055288461538461 0.3125 0.20432692307692307
18 0.5989516373306265 0.08215303666586937 0.23636481312279153 0.16430607333173874
18 0.5594542210235182 0.7728647333033503 0.252274216608533 0.2576702487546594
18 0.22349742828333108 0.8538339475570346 0.2793285411207614 0.28024399164449076
18 0.846010775523274 0.856103393492153 0.24584030817933702 0.20150080948797686
18 0.5294025310097769 0.8986229235547439 0.19155679720633145 0.15034370832369875
18 0.8543888326530944 0.08109076147525086 0.2700425763848884 0.16218152295050173
18 0.12297723704229664 0.13008883007268227 0.20905282005580345 0.2155566455558019
18 0.3763124758915148 0.18877529185005423 0.22387807946054256 0.23021880950969595
18 0.6610154937366535 0.2083120289619339 0.25045384579829355 0.256964281145038
18 0.10665842489356397 0.3140412106189079 0.19914017012788587 0.20478026702243662
18 0.4677120995996322 0.3508023081266902 0.22135182994271219 0.22587207064558534
18 0.7478172594753373 0.37783059988986795 0.2559406818825947 0.17749142283801264
18 0.2169390939353531 0.46292893136727503 0.2776480598693609 0.28434571634256156