10 0.6526442307692307 0.39178122335819593 0.39903846153846156 0.3342472301337263
10 0.1141826923076923 0.4114392705549471 0.2283653846153846 0.19307084880220196
10 0.22716346153846154 0.47307695364656294 0.37680288461538464 0.3911630543697872
10 0.9086538461538461 0.50889435304779 0.1778846153846154 0.22976955995766674
10 0.8040865384615384 0.5364927821994943 0.13581730769230768 0.14116111412568208
10 0.15625 0.6340621394638547 0.0703125 0.07276786660488845
10 0.41466346153846156 0.6442880594647271 0.49278846153846156 0.5093960522735776
10 0.7728365384615384 0.7481418927682617 0.4495192307692308 0.4772360189782617
10 0.24278846153846154 0.7656898983621792 0.16826923076923078 0.289529937174092
10 0.14783653846153846 0.7767971810666887 0.2956730769230769 0.31320974674876195
10 0.671875 0.8990384615384616 0.37740384615384615 0.1971153846153846
10 0.08653846153846154 0.9302884615384616 0.17307692307692307 0.1346153846153846
10 0.7403846153846154 0.9290865384615384 0.21153846153846154 0.13701923076923078
10 0.3269230769230769 0.9507211538461539 0.34615384615384615 0.09375
10 0.3329326923076923 0.1522512658043439 0.2800480769230769 0.29042853280237646
10 0.4675480769230769 0.21704829246669455 0.4206730769230769 0.41613253524292276
10 0.14302884615384615 0.27662929275182446 0.23137019230769232 0.23944981746053065