12 0.444830081165989 0.20698410496173442 0.1126937043305567 0.1298185818611281
12 0.33609697186339293 0.2159701570254532 0.10482898168878443 0.0979326574031296
12 0.6259241500376244 0.2561308933764894 0.2192566881625163 0.1028036836435632
12 0.18612587074255327 0.3136887392642577 0.14192431965001473 0.19847504150779882
12 0.3494474011092119 0.31704357682951 0.25398374278123564 0.14205498340906295
12 0.5943596926117601 0.32327775625431154 0.17428901806144545 0.16622240707223665
12 0.8115577492976376 0.3305530293261661 0.1783320321949064 0.20469443440963617
12 0.4610980934386234 0.3405374181783439 0.15196621647287636 0.13365161006888776
12 0.08370610155522229 0.35878143172302057 0.12906560109912057 0.12210397803583165
12 0.7452656764654388 0.37465357622522777 0.22640302813660704 0.21518698762782462
12 0.29393819473321614 0.4237280347354606 0.2104635707107428 0.14780936948105824
12 0.1381200732883005 0.43604714525756 0.19506692504634518 0.05880762482553774
12 0.4438522676522914 0.4714910928917001 0.241100194114221 0.23029144080429814
12 0.8388186401687947 0.5230844843188951 0.21622761114170322 0.20551566234118085
12 0.10579742561104255 0.5368548468731358 0.2105739431295099 0.2012774649443667
12 0.5925062677174489 0.540888766432555 0.24929771637514045 0.2369474695227732
12 0.27484855517255713 0.5450523396656173 0.1938579532589691 0.19276960352315534
12 0.4466309641594576 0.6302148648846202 0.13867505857928272 0.13237276856898345
12 0.7527013244902029 0.6392095122425452 0.2300206516378214 0.19478226565576187
12 0.07583232858108098 0.6797578265166487 0.11682394312950989 0.20073204339958958
12 0.1887430937644103 0.6816170524808671 0.15095059699738286 0.1781017861633196
12 0.2881763974527164 0.729086422112996 0.21566165162696171 0.20611312758768874
12 0.6454394217590748 0.7467952121174007 0.18764425286725675 0.17891602151095645
12 0.43420468495126296 0.7816361948252057 0.2606750564469671 0.2466257873933243