4 0.8445141889470835 0.5660527463932078 0.046055966664552056 0.07716347935335686
4 0.4813508995675052 0.04967761790677712 0.11934292633521328 0.09935523581355424
4 0.32673014952120566 0.5985937892106112 0.15241149060012057 0.1847422225926674
4 0.5566122087209012 0.5987188277050584 0.13900441952395873 0.15711115845835075
4 0.6589505322079113 0.5999701033942908 0.0712328374139129 0.055530520932415166
4 0.7565161357769393 0.6026472240284643 0.13560848463144792 0.16415475551887582
4 0.2327445915293643 0.6775914573402025 0.12717110598473597 0.1835666327855727
4 0.12584338246262997 0.6849775650574497 0.10695648547403017 0.10760673347281287
4 0.9543269230769231 0.6490384615384616 0.08653846153846154 0.11057692307692307
4 0.44141170402096147 0.6931472211638077 0.16139737220072967 0.16355545094408797
4 0.8876049446771012 0.6819938525205205 0.12347790577969256 0.1803938836922514
4 0.6526225522252438 0.713398716361096 0.1418168790728629 0.15064053270278505
4 0.3407870276297291 0.7507901762438061 0.10759241940220153 0.10883664678323814
4 0.8411805406337319 0.049278276032594465 0.1199613740685297 0.09855655206518893
4 0.7882171637525015 0.7407827502104376 0.11377689673536569 0.11512616450287592
4 0.06992180481872835 0.7898840694791319 0.07131203092945923 0.1407550984599446
4 0.5292662545416023 0.7757110695449493 0.13109343326822517 0.13273681411786215
4 0.14180119942334024 0.07681974824249824 0.1582002163650183 0.15363949648499647
4 0.23323059189463638 0.818384398741216 0.09895163733062654 0.10063228351420642
4 0.13632946373009397 0.838543816568581 0.1201583465799969 0.16943662483243244
4 0.9519230769230769 0.8137019230769231 0.09134615384615384 0.12740384615384615
4 0.4072517694937228 0.8427751345694902 0.10142542826389225 0.10314809060206187
4 0.7188296255344777 0.8378915782307079 0.10035233946434921 0.08689413883009788
4 0.8406435249802257 0.8466606279863297 0.1440569185596195 0.16574854186483032
4 0.6235500891233754 0.8724180925141454 0.1388120713805552 0.15050058153527382
4 0.3075142646720258 0.8895448014901765 0.13853229226287722 0.1408851969198892
4 0.39211595093072804 0.08487875294345965 0.1255780557076099 0.1697575058869193
4 0.051819400794798194 0.9122859486544439 0.05439767687826176 0.13696656422957376
4 0.46916648760478397 0.902476111219265 0.13358471039634578 0.13585358274417886
4 0.5600101661682098 0.9223160377323887 0.09398656926924034 0.09499970780003454
4 0.19218673224003852 0.9382441375588443 0.11118070243811586 0.10840362664579026
4 0.9771634615384616 0.9026442307692307 0.040865384615384616 0.10336538461538461
4 0.723646566578297 0.9207123096043912 0.101145649146214 0.09353270598667726
4 0.382475274680692 0.9426203776182861 0.07792441439786849 0.07924792326743758
4 0.882615164239531 0.924140195652104 0.13910008795696116 0.07789619631543697
4 0.6222777892481015 0.0841508287234488 0.10189112461157826 0.1397787542147134
4 0.24295971039634584 0.11866757937379567 0.15215562859069315 0.1553230974415542
4 0.9121382232980303 0.11879243971929052 0.14306020545289153 0.13149373417252266
4 0.791233605984736 0.14127338996366867 0.10617885544168743 0.1633841956157269
4 0.05841025295875663 0.1874407056056479 0.10926646974020625 0.1251185887887042
4 0.05247058235356075 0.1901244540945166 0.09760801814953218 0.1575836785005415
4 0.31563826633775105 0.018578709041848437 0.059161148060117415 0.03715741808369687
4 0.5539173121584521 0.17519406089209924 0.13066552713298035 0.20053350703000705
4 0.6982529985583507 0.1720821740823278 0.09013418676517058 0.14823337262159136
4 0.4630607717682348 0.19627549946136474 0.07977975759781764 0.0811347785833291
4 0.14277681324454888 0.23285689953618316 0.09031547962711507 0.1338382859320167
4 0.6457052452440414 0.22748591048214595 0.11937789872492306 0.12198865352747329
4 0.3910724148848978 0.24536338487171652 0.13169439480668685 0.13276480435136448
4 0.25422804606421584 0.25775477349484555 0.1321840082626234 0.14959172742828755
4 0.8522482906994705 0.2527690198551447 0.11686913540194756 0.11827092336269504
4 0.9699519230769231 0.2692307692307692 0.055288461538461536 0.16826923076923078
4 0.7547747424727805 0.29461903353412955 0.09614380214978596 0.14851327495661393
4 0.5754984576811039 0.02105124351945681 0.06866518459297694 0.04210248703891362
4 0.06769441114929754 0.3410629375837837 0.11916163347326889 0.13518181714012487
4 0.47662803642082174 0.33164496341763644 0.14347987412940852 0.14591681109559956
4 0.6332627327076289 0.3375886565532045 0.15310631402625216 0.1673703184442873
4 0.9176160266556702 0.34841572787860275 0.08644561092819021 0.1864709892151118
4 0.1689578392914324 0.388099251130102 0.13358471039634578 0.13585358274417886
4 0.3161520129114038 0.40050040338632165 0.16758184953389382 0.1698449686637259
4 0.8390806067152803 0.42067603455252 0.13111091946308034 0.13333777565632368
4 0.07613923198680433 0.4658390157157657 0.09491976850994455 0.10644596726430623
4 0.9651442307692307 0.4375 0.06490384615384616 0.09615384615384616
4 0.9447115384615384 0.028846153846153848 0.10576923076923077 0.057692307692307696
4 0.7532415929710138 0.4487450897153059 0.1286546147246695 0.13142293010693004
4 0.4915720860988805 0.47296806229151894 0.14828756643710067 0.1461407329636176
4 0.6376342814213485 0.4878290411685891 0.14219052007821092 0.14285602293628735
4 0.3918345812771834 0.5197377292122051 0.10331574385355119 0.10623686899487612
4 0.1700383702817703 0.5493248848388078 0.1743847746003744 0.17676343815532755
4 0.06076828745089954 0.5580248765669871 0.09243954666328316 0.12433486225064118
4 0.9155804018711755 0.5266362260652452 0.09872894116557654 0.1342301492010482
4 0.7132171362445298 0.0430254253371272 0.16681888787367483 0.0860508506742544
4 0.048588647095777975 0.05671099255605505 0.09675762551503891 0.10773186104173606
4 0.9699519230769231 0.5528846153846154 0.055288461538461536 0.09134615384615384