21 0.21214486833981322 0.8360943090694831 0.2124527069167375 0.20842965524462678
21 0.24700826788967203 0.16617531794303864 0.13824730501011329 0.3323506358860773
21 0.12734173341566918 0.17072150144816395 0.24711233248774878 0.2835569971036721
21 0.3485702228668799 0.19884769492006615 0.3451736728778484 0.3388436162364775
21 0.7412983157400993 0.22418591503570637 0.24641874686481394 0.44837183007141274
21 0.9122596153846154 0.23317307692307693 0.17067307692307693 0.46634615384615385
21 0.5546836848404552 0.30287952831018977 0.4704954020884251 0.45981952913365814
21 0.19151984753190773 0.5727191097623303 0.3220500017404549 0.48436947278303155
21 0.8858173076923077 0.5721153846153846 0.22355769230769232 0.7596153846153846
21 0.24312680649665122 0.6238017617343891 0.3373415570223633 0.741118874861573
21 0.45592712375904426 0.624668838089558 0.3252024609591154 0.7116565391714237
21 0.7253682022771355 0.6098195926115211 0.30074338084601 0.7053083922537418
21 0.9711538461538461 0.6021634615384616 0.052884615384615384 0.6322115384615384