10 0.7411064086261704 0.2736519456228507 0.09975081874321035 0.12604603521026794
10 0.44261748897935954 0.3386577279012966 0.07609056712511648 0.1299142344464323
15 0.29584828696310334 0.3806604695601549 0.5772405503032694 0.6232944454950748
10 0.5753668140010216 0.37240658069966065 0.10862241851352746 0.10746995918874433
15 0.8966346153846154 0.4387019230769231 0.20192307692307693 0.7956730769230769
10 0.747106667402941 0.5666435260811522 0.12418012519770699 0.12462019349319949
15 0.8918269230769231 0.04447115384615385 0.21153846153846154 0.0889423076923077
15 0.6427491963498397 0.6626719249794119 0.6202661577837734 0.588360732330978
10 0.545763120381253 0.7087282731493301 0.13446788300485607 0.1348517599525801
15 0.3555588341635844 0.07469126014424819 0.19669459140409187 0.14938252028849638
10 0.4764570217139569 0.0974420039895493 0.10253287481742418 0.13160873451742078
10 0.8439428033228364 0.10407517084078496 0.10623532569283146 0.12466677561263051
15 0.5643231963195774 0.20482318488230075 0.48441562340838556 0.4096463697646015
10 0.7293486744116962 0.009144476346649876 0.0788896565157 0.01828895269329975