9 0.5667860769656717 0.6426598240783432 0.1107058350725504 0.11001057962665903
9 0.6702284843115559 0.6390474269928788 0.10737771615271076 0.09547554176957308
6 0.9435096153846154 0.6706730769230769 0.10817307692307693 0.21634615384615385
9 0.48154086033733895 0.7044946863289844 0.13105343389556212 0.12833415171411552
9 0.6432451751000957 0.725895438063539 0.15798831858193524 0.1559520492135178
9 0.6312706840446397 0.8024003184477558 0.17481616286168633 0.11000072691909242
9 0.47349128386858685 0.23291782862559002 0.49807236926058557 0.46583565725118004
9 0.2775598384161068 0.36198619838512625 0.4290980739557605 0.21651261643244582
9 0.6498764995456752 0.4531412133388334 0.14785798711559786 0.0913692622631109
9 0.2560308439674034 0.47751242190092663 0.2526303083312043 0.2490369114641591
9 0.5704564122298903 0.49300557740283213 0.14235709023341017 0.08032803270278503
7 0.8354186482664635 0.4891033362003024 0.3107453198384309 0.3050695996359409
9 0.6011349700996693 0.5578797763595023 0.15793550811397922 0.09902864446068531
6 0.8497596153846154 0.546875 0.2956730769230769 0.33413461538461536
9 0.4394145138285503 0.573850600943572 0.09787786563307513 0.09683058264892161
9 0.5342428320555429 0.5863110475941437 0.1438814033350374 0.14151414869185308
9 0.4394288129312564 0.6305089269599702 0.1068152659794987 0.09604851307453242