21 0.3727193019494181 0.21923513811970177 0.15286284028368652 0.1581141495317069
21 0.5785479464302915 0.28175213095225354 0.0992168743744229 0.18051997877721548
21 0.8368984690327138 0.2989007758390972 0.08473830669189106 0.2109826022855833
21 0.49905318619059713 0.28721016769182 0.08867093718721145 0.09230716826685151
21 0.7410444212058949 0.3456072487196738 0.1455254239500695 0.15052467035418496
21 0.44045875374839355 0.33586933427164456 0.10271333884796413 0.10565174694684551
21 0.9575644955069974 0.41590269108773925 0.06881822677263418 0.09006590822097398
21 0.2821047059215746 0.3793003209470311 0.1485721909330701 0.15308599180635754
21 0.6711081899377233 0.4237475811486 0.16450139579059317 0.17133274797303982
21 0.8116282917109913 0.4371270404948931 0.1312042036076361 0.19000171693947585
21 0.5843179726551047 0.4336353694798753 0.09458006087559052 0.15566009028263544
21 0.9182637712316022 0.46196393034608374 0.08971383616235493 0.22084994737829022
21 0.9761509790242051 0.5227427538855898 0.030944118380795353 0.12170407055624165
21 0.22366321428897334 0.48811863149234 0.06740787212665413 0.1812545867688013
21 0.8224151829424117 0.0948309240491385 0.08926140890299959 0.0917377017880553
21 0.7531028814970042 0.5507530433478944 0.09863993412739638 0.14746709416183088
21 0.8468109222063114 0.5580701188095257 0.10209139766415595 0.10441832881025721
21 0.6781430781754987 0.5720880405647831 0.11839823613791477 0.14429970036155465
21 0.5530591595941131 0.5703447604620953 0.14269894324320648 0.16058354120970458
21 0.4036011051487232 0.5865724472035652 0.10601018481344007 0.2601303573911261
21 0.9147954227027173 0.10929654785297764 0.09816789210710215 0.12042382493106164
21 0.2734218625169728 0.6699767352044239 0.19811024100765778 0.20491593779309214
21 0.6087164416878185 0.6899548246515016 0.14613687531120428 0.15115712695231193
21 0.339896452302986 0.7901537104678055 0.20358183378985087 0.20880516256084894
21 0.20673076923076922 0.8894230769230769 0.12980769230769232 0.21634615384615385
21 0.4699519230769231 0.9507211538461539 0.11298076923076923 0.09375
21 0.2764423076923077 0.9411057692307693 0.1346153846153846 0.11298076923076923
21 0.6665908591415176 0.13117635250164772 0.07994414585296064 0.1771082907140801
21 0.7795506487269404 0.13829934679564518 0.1455359137727426 0.1511256318926465
21 0.4957709247010157 0.13064521709516713 0.09018891982873779 0.21366990397641702