14 0.22050425513095018 0.2668269230769231 0.13976918772950994 0.13581730769230768
14 0.6350149652837812 0.30288461538461536 0.07560438612763211 0.20252403846153846
14 0.45532103437038557 0.3233173076923077 0.12243516500179542 0.11838942307692307
14 0.7512738904111405 0.3329326923076923 0.13234420183904852 0.25240384615384615
14 0.3549061923174118 0.38341346153846156 0.14164201712431412 0.13822115384615385
14 0.5925814587769201 0.45552884615384615 0.12247013739150521 0.11959134615384616
14 0.1277869519047869 0.4675480769230769 0.20224989498932283 0.1971153846153846
14 0.26237661286658864 0.5492788461538461 0.14720804672416185 0.14362980769230768
14 0.4332944965176339 0.5576923076923077 0.08587781523410626 0.24579326923076922
14 0.7488370944223826 0.6622596153846154 0.18122267205656464 0.17668269230769232
14 0.5738809110372596 0.6802884615384616 0.17314787913374155 0.16766826923076922
14 0.24910401171326915 0.7127403846153846 0.1613973722007296 0.15625
14 0.5185317534555055 0.7608173076923077 0.06811126200308347 0.2548076923076923
14 0.19248298627517244 0.7908653846153846 0.09242950265922299 0.2644230769230769
14 0.8131998798131265 0.8088942307692307 0.21149163859935938 0.2049278846153846
14 0.4320025406531709 0.84375 0.06637369779905483 0.21574519230769232
14 0.3583921599974624 0.09014423076923077 0.15665500030439333 0.1171875