10 0.7105281059566533 0.43253324319892233 0.5307762379630163 0.5307762379630164
10 0.6557308885924814 0.4617809843429016 0.37044431711669723 0.3704443171166973
10 0.5488852543733773 0.5786242396916462 0.6086143359583311 0.7852389759153151
10 0.14899975997132267 0.6141798534911391 0.29799951994264534 0.7668326007100295
10 0.23420257001526196 0.6899175193043092 0.4684051400305239 0.5665061975864695
10 0.850365023919742 0.7003770979667338 0.2124936035861147 0.47021005937240573
10 0.7738907523112891 0.08775263835757105 0.25029541845434483 0.1755052767151421
10 0.7350649087107874 0.0859704588174946 0.22050192930605908 0.1719409176349892
10 0.018934239027257944 0.1510048576438966 0.03786847805451589 0.1739062850313749
10 0.10383585859782819 0.15943483114937435 0.14042704516764046 0.1420933153559139
10 0.4423227848664319 0.16380507340865558 0.38458519949790543 0.32761014681731115
10 0.21790670442893367 0.2941936667671017 0.20587193186297653 0.35916878918413236
10 0.8827702499121697 0.25695855886685914 0.1954071248054323 0.21318067348034891