12 0.7029963923591074 0.18102579309365835 0.10606735233457644 0.09080780062939199
12 0.5800016252513716 0.2095723391896564 0.18534623282862922 0.1605523002154541
12 0.2782769736529864 0.22602728256163346 0.10563118631279747 0.13462201247007977
12 0.4039544055962491 0.2501974104492373 0.16021074643997663 0.16538632579297483
12 0.7481930207313942 0.27499640103432876 0.1733689613500912 0.1623963416992552
12 0.17124896416297075 0.3030689482734146 0.13932395011124774 0.17282012915885753
12 0.2771501560964574 0.3593847636330905 0.14306912868285734 0.1465737531010656
12 0.6059945473304129 0.37169034644308674 0.14189563342786526 0.1825474747082512
12 0.7264656737044013 0.418920934660247 0.1259918147461844 0.23464836355480345
12 0.3548826261270529 0.447036206656947 0.14488386800532227 0.2505400992549118
12 0.13965447677643647 0.4618644025584458 0.17548654064567215 0.18050915855360813
12 0.4800985058726945 0.49764864223685845 0.13118018231620082 0.2222800833486314
12 0.2644297839698033 0.5377172227537419 0.20175796952911984 0.2063521616711281
12 0.6113240010029514 0.5479811754817475 0.18623786775585194 0.211634030984685
12 0.35323740072904086 0.6788953995690918 0.2862942398214058 0.1988805153641765