18 0.49617193446347024 0.3645585939319091 0.20079449176534106 0.20079449176534106
18 0.6908834729250086 0.3770362762728245 0.13552974422154088 0.13496729404832936
18 0.25805141887440824 0.4031635635630526 0.1880578441590715 0.24486531165346323
18 0.7921512599028889 0.4816787642899755 0.20171069377715375 0.2337703536502262
18 0.6119398210949268 0.471327277791977 0.2006475958556952 0.22652030382343796
18 0.41718170051395753 0.4768014188744083 0.21225035115853197 0.24880961241729885
18 0.2614690172217977 0.5685668117954403 0.2539092541386268 0.2544717043118385
18 0.5225012515972415 0.6259920834682126 0.19983701477979457 0.30726499786324823
18 0.6731876310872607 0.6799370331658022 0.17369656966095967 0.23556608871425766
18 0.8167556363546031 0.6975161996337017 0.20842965524462678 0.20786720507141493
18 0.4027853793906369 0.6817606653036895 0.15249272884544468 0.26891991470028714
18 0.3043333080188565 0.7891653573274277 0.23265260285515574 0.23096525233552037
18 0.7911121541727026 0.8203595631797161 0.21071704609989547 0.2529008090907806
18 0.43899343234801597 0.8732049660675253 0.1981595774199964 0.19703467707357283
18 0.6349068938864775 0.88575967113894 0.23413217624300814 0.21669622087344245