8 0.34375361309066454 0.13592800767201335 0.16450709706216668 0.16543805570000295
8 0.07184434859513401 0.1372596255744953 0.14368869719026803 0.23675597081978272
8 0.2111923507320285 0.14333030978247938 0.14849559423002703 0.21350734517400494
8 0.721978299125291 0.2862943594729458 0.11155716126619535 0.20261181215778098
8 0.941790332643375 0.2987829421856739 0.10153959416914823 0.18845392014343731
8 0.8328828355363933 0.3202458397166147 0.13186101929650762 0.21953031299505726
8 0.4729133049113274 0.32812888048821015 0.16450709706216657 0.16543805570000295
8 0.6369822358247231 0.35431174758000034 0.13482160586297864 0.13558457196466406
8 0.33766841728116714 0.34506262305662866 0.14068309423002703 0.21323452666235068
8 0.20171122003002045 0.3451274704694081 0.155385950270782 0.22335357622232782
8 0.06487409458314983 0.3798382267193766 0.12974818916629965 0.23909685885555484
8 0.9244902710279711 0.4798536060138981 0.12914885254866923 0.18821735487698318
8 0.6835810697977096 0.4894880364245357 0.14599788618851078 0.2308302995925995
8 0.8117321979622519 0.5096040488471523 0.15339252405732615 0.15484396083771246
8 0.47276777970702594 0.539877202420252 0.1447499354404188 0.20857373663016446
8 0.3336723161181282 0.5650984902909839 0.18240710893863282 0.18227261237984707
8 0.202208059667286 0.5761485337109351 0.1368435735527487 0.22570781669453682
8 0.07682538593527664 0.5930822762793537 0.1536507718705533 0.1813568602510152
8 0.8584267003682408 0.7241912049260427 0.12261465131840765 0.16997864832955673
8 0.7316652190559616 0.7390149058916274 0.10324579907413177 0.10266332241894324
8 0.926096978399822 0.7554297672590111 0.10494839088845034 0.1405448853813784
8 0.6458869013549878 0.7925672449968891 0.11086233784006357 0.2199977246944497
8 0.4420274811710829 0.8107143483092625 0.18555180618977965 0.18718523488432945
8 0.07784570932853908 0.8193376192919045 0.15569141865707817 0.1333428952921662
8 0.24187874738707654 0.8253815986270148 0.16849756257974313 0.178785125782305
8 0.775056273930709 0.1160982426215875 0.16174709609782723 0.17374658704167437
8 0.6560658893153243 0.11194300682869923 0.14220800627306573 0.1418460198215757
8 0.8581730769230769 0.9194711538461539 0.17307692307692307 0.15625
8 0.7271634615384616 0.9110576923076923 0.12740384615384615 0.17307692307692307
8 0.9278846153846154 0.9399038461538461 0.09134615384615384 0.11538461538461539
8 0.6298076923076923 0.9326923076923077 0.08653846153846154 0.12980769230769232
8 0.07451923076923077 0.9230769230769231 0.14903846153846154 0.14903846153846154
8 0.32572115384615385 0.9350961538461539 0.18509615384615385 0.125
8 0.9141296269566882 0.13298623452187924 0.13212511876466293 0.16670865572851595
8 0.48239443561333545 0.12633171980128133 0.14455758729701515 0.20196315970708756