4 0.6409755706787117 0.12618446093032593 0.10194454014673117 0.0965905302689226
4 0.7896634615384616 0.9230769230769231 0.14182692307692307 0.14903846153846154
4 0.49158653846153844 0.9399038461538461 0.13701923076923078 0.11538461538461539
4 0.32572115384615385 0.9290865384615384 0.1658653846153846 0.13701923076923078
4 0.9110576923076923 0.953125 0.14903846153846154 0.0889423076923077
27 0.4800437562430978 0.12401545703491995 0.17610848182948005 0.1837584674467279
4 0.6929249150837299 0.21325924630741644 0.11234970310869513 0.10800287236446934
4 0.8071285870367687 0.22111155389112847 0.10097339316861892 0.10974168006763659
4 0.5607553359128843 0.20796264724287536 0.14796073957193528 0.1533022205094567
4 0.9369782386351537 0.2310758371684821 0.09965608204229043 0.10306109909711979
4 0.4597037955777828 0.2657142262874083 0.13668187968200649 0.12622987639019007
4 0.8472684971260203 0.31950552956305095 0.14430252122780018 0.15008740067482929
4 0.9579326923076923 0.3557692307692308 0.07932692307692307 0.11057692307692307
27 0.4672868843633793 0.3562084772938385 0.08315738511432559 0.08649104445668133
27 0.5562711513463798 0.363792622958236 0.16813863448938202 0.1742890180614456
4 0.7319197577399204 0.3836285984998437 0.12964866820591242 0.136026198259397
27 0.3569975930291287 0.4350346393434678 0.1559200970893602 0.1621707083562774
4 0.9435096153846154 0.47475961538461536 0.10817307692307693 0.13701923076923078
4 0.6312668306664008 0.46421671600591513 0.11130512737187022 0.11694729139395249
4 0.5112633397822108 0.46803361895423445 0.08683658310380721 0.09090778736823178
4 0.4219792744721831 0.5120621615500893 0.10334576985444531 0.1080788035471317
27 0.7341171609636656 0.09678900739986764 0.12208047577348516 0.11517348166706531
27 0.11574064560095547 0.5086342063759959 0.14477760489418312 0.14291086423701083
4 0.4423009852609659 0.5756822263091274 0.14734928821080062 0.15266625694727518
27 0.768085078043159 0.5982590923961052 0.1423287578035555 0.1745868156568726
4 0.8823307092868906 0.6085152461336634 0.16201363105536123 0.16732842090116926
4 0.5630807230229733 0.6163364772069619 0.11065171672004268 0.11390748167792489
27 0.3095378927282433 0.6051713924279157 0.18650315496877076 0.19456984800381305
27 0.10078091095986336 0.6146253035579913 0.18327806100032573 0.1817746455775211
4 0.23149072801745152 0.6738684329891911 0.12048738761156458 0.12708770636513614
4 0.3356113798653071 0.7231580118382518 0.13750921078878287 0.07044545938442681
27 0.33842873563390413 0.8157760928087685 0.17193322052826904 0.1853163378960731
4 0.7910900774220178 0.12772342839877296 0.08134401067626758 0.08578507684705997
4 0.6645485027416398 0.8575837281265156 0.11042838879781659 0.13550709503882039