1 0.8911303998267032 0.34718153448314115 0.2134904462528777 0.674412972843111
28 0.3939044992091718 0.4737149026220253 0.03427567936294032 0.043632857440139686
28 0.3685465612785164 0.5095068677471304 0.04025590641873796 0.03469535538975503
28 0.4173211275385391 0.5172918174974097 0.04115103122859655 0.038909078979580104
28 0.3467103459296596 0.5465427128727249 0.03782679027355666 0.051480321543111746
11 0.5574083409784155 0.5610234164911851 0.2568192936294036 0.43532860105639715
28 0.40023382783973926 0.5724264369827945 0.04318078579955763 0.05934876410786685
28 0.3133844496967306 0.5930680718430048 0.03814622353628886 0.03887411487660818
28 0.3733377802362785 0.613012108774403 0.05332572030010086 0.049859250263181595
28 0.28769032517019294 0.6336677292758022 0.04942578779793472 0.04561056257038432
28 0.33534701500226316 0.6402367703079697 0.05107733244852825 0.06064159385251709
28 0.2982219862492887 0.6722831097904175 0.048265888045496814 0.046197538467656986