15 0.6573865402019935 0.45558359578344276 0.24824587754690103 0.34095771852997075
15 0.18566169883319 0.47104013486612245 0.2693021423913811 0.33472477522312916
15 0.8846153846153846 0.45913461538461536 0.22596153846153846 0.34134615384615385
15 0.42056247205149483 0.47295871940818685 0.25237006467079703 0.33322913711135627
15 0.9615384615384616 0.5829326923076923 0.07211538461538461 0.23317307692307693
15 0.1179017865589732 0.6046363299205244 0.14368810527093986 0.16091964785125895
15 0.813318896179842 0.6418518800001818 0.3419059785763882 0.32099098495039535
15 0.28923521264472807 0.6642411388627191 0.2908536691078697 0.3753038929802486
15 0.5524563664908819 0.6596465965318541 0.3522048683755692 0.3289713221131667
15 0.19040509831153685 0.8417149744013978 0.2558864799538457 0.2636854358125891
15 0.724269253752705 0.8348038580214354 0.33894639288073314 0.30773836163622165
15 0.9302884615384616 0.8329326923076923 0.1346153846153846 0.30528846153846156
15 0.4253058715298417 0.8436335589434621 0.3164179630249994 0.29714438186614045