2 0.3410504289198016 0.40865384615384615 0.07732721912077509 0.17427884615384615
2 0.4260434757738979 0.4338942307692308 0.11897769907230135 0.125
2 0.18055663335173527 0.4891826923076923 0.08610874988851383 0.1346153846153846
2 0.2965299214638947 0.4963942307692308 0.08246601504195053 0.1856971153846154
2 0.3966819853335395 0.5012019230769231 0.11370402378015744 0.1045673076923077
2 0.2412168823035981 0.5108173076923077 0.12025325583168808 0.11117788461538461
2 0.48039937624520757 0.5697115384615384 0.12290238228867768 0.1141826923076923
2 0.385300185803357 0.5973557692307693 0.11840131515567484 0.11057692307692307
2 0.19235466552445055 0.6189903846153846 0.14760305105410543 0.13701923076923078
2 0.45937781284388823 0.6213942307692307 0.12157776946866204 0.12740384615384615
2 0.2963576797449664 0.65625 0.12889970886237542 0.12139423076923077
2 0.2598827629643268 0.7247596153846154 0.1490381639893372 0.08834134615384616
2 0.40310783336068756 0.7271634615384616 0.132456422032516 0.12079326923076923
2 0.4762043391886456 0.7391826923076923 0.1248524350859482 0.11598557692307693
2 0.6701064030582903 0.7439903846153846 0.15410322704500737 0.14302884615384615
2 0.922044067861602 0.7824519230769231 0.10931315921324643 0.15384615384615385
2 0.6472205109869988 0.8317307692307693 0.13643006212647946 0.14002403846153846
2 0.7987609308005639 0.8329326923076923 0.11715023683508172 0.13942307692307693
2 0.3252032384928715 0.8329326923076923 0.14685502051679933 0.10576923076923077