22 0.3629807692307692 0.7280391471053824 0.12860576923076922 0.11943232205206628
22 0.038461538461538464 0.07451923076923077 0.07692307692307693 0.14903846153846154
22 0.47716346153846156 0.7284499269513193 0.09915865384615384 0.1579808207410793
22 0.055288461538461536 0.7406214747756034 0.10096153846153846 0.12435844405525277
22 0.28725961538461536 0.8315243263006683 0.12620192307692307 0.12960670891521994
22 0.19951923076923078 0.8498827634878796 0.08653846153846154 0.1799961113880188
22 0.38221153846153844 0.8551073189336861 0.11057692307692307 0.14135320429494713
22 0.04326923076923077 0.9427543481521444 0.08653846153846154 0.09526053446494186
22 0.31009615384615385 0.13040455919293253 0.14182692307692307 0.14249963661241546
22 0.40865384615384615 0.15512653596683415 0.1310096153846154 0.13269543518891316
22 0.1622596153846154 0.19788890172438778 0.13401442307692307 0.13695461507150994
22 0.4326923076923077 0.2773030969060597 0.10516826923076923 0.10940783435242671
22 0.375 0.039214075925195206 0.09615384615384616 0.07842815185039041
22 0.35096153846153844 0.34603740509730824 0.10997596153846154 0.1118955990876585
22 0.1045673076923077 0.4284632323933234 0.1310096153846154 0.13269543518891316
22 0.12860576923076922 0.051074282592646264 0.11778846153846154 0.10214856518529253
22 0.45072115384615385 0.5125653253027865 0.11838942307692307 0.12045591814354495
22 0.31490384615384615 0.5161379483038545 0.12439903846153846 0.12717139329335403
22 0.4807692307692308 0.0483675671218569 0.0985576923076923 0.0967351342437138
22 0.37740384615384615 0.5931720067458409 0.13641826923076922 0.13940042051604898
22 0.19591346153846154 0.5975418562700727 0.109375 0.11068318618806217