22 0.48274516696969894 0.1976028745350244 0.05670873791277609 0.058076500141976996
22 0.6844413739371993 0.20501872538830496 0.09460282150215321 0.09520443992248086
22 0.4503690538667814 0.24993218929778113 0.07844415327951228 0.07801569425277581
22 0.5130876871473927 0.2770229618508093 0.0912618272139633 0.09020419078853979
22 0.6653622246544411 0.30675049115483827 0.07261526618850557 0.0716594765809128
22 0.47788749464577623 0.3355159374591803 0.07850292993714748 0.09596751767612256
22 0.6413660664236848 0.39324237057386885 0.0804445195216556 0.08951098621404455
22 0.5540711850444882 0.4096053148621389 0.08864786443769071 0.08704533763523323
22 0.33654837811274635 0.440296329428968 0.07197228132555872 0.07102000367720152
22 0.689939032719466 0.43440154700854516 0.053968705163047574 0.05311476237328568
22 0.5197367290239124 0.4728289600477028 0.08997585748806959 0.08892524498111734
22 0.3666640283348637 0.5400720863219457 0.07587221382772487 0.0754578026379308
22 0.5810436025883943 0.5885539493710408 0.06393702970746472 0.07588949840985912
22 0.9150941713240391 0.568343553369109 0.07968809968092053 0.07869367852173685
22 0.7161885370889375 0.5894657654399844 0.07072833492415033 0.07034201940824047
22 0.5548034548267679 0.7242476522134181 0.0937664733499301 0.10891102121134712
22 0.2071114990001164 0.7513149136354594 0.09974670040572782 0.1003202231521713
22 0.6774248786642569 0.733141234048895 0.0927999368867686 0.09508890582673174
22 0.3305986593186462 0.7649391650481292 0.10030563861970411 0.09975777297895924
22 0.6337167014344836 0.16040782518385838 0.06509692945990242 0.07536555960189695