18 0.96875 0.17908653846153846 0.057692307692307696 0.24278846153846154
18 0.9362980769230769 0.21394230769230768 0.12259615384615384 0.22596153846153846
18 0.4089206709284306 0.24029531450411803 0.17613448638336385 0.16984915405472803
18 0.8318626137288638 0.31725495705703083 0.1463136452556526 0.22615073890461285
18 0.9170673076923077 0.3798076923076923 0.16105769230769232 0.15865384615384615
18 0.9723557692307693 0.42788461538461536 0.05048076923076923 0.23557692307692307
18 0.9302917754658092 0.05708096708420375 0.12019893554700299 0.10403667267049485
18 0.48345978526174693 0.5507410975456418 0.1218125163825669 0.20317784505688016
18 0.9411057692307693 0.5901442307692307 0.11298076923076923 0.25721153846153844
18 0.5081173458646056 0.6157708102098212 0.1257163254742943 0.2740948028872954
18 0.6222737049024694 0.6416684977125011 0.11242768148989549 0.31126701097306836
18 0.6027103667970207 0.6860137850483219 0.1961769723856984 0.18738892001263105
18 0.9855769230769231 0.8305288461538461 0.02403846153846154 0.23317307692307693
18 0.8562796828269665 0.11913344171413026 0.1697889881967214 0.16260265267365262
18 0.7665832957937718 0.12822438253646 0.19811980816859448 0.19040421658079984
18 0.5020779051338619 0.15071748303138655 0.11613878379997858 0.21035442059888165