18 0.4623661045225123 0.2887139179602444 0.12701541083766307 0.22090041364800758
18 0.26151907280428 0.29942905719463425 0.12104638985933337 0.11986544642775666
18 0.7757533329192392 0.30126707667867614 0.11681867944475609 0.1185900945921212
18 0.8849604957564678 0.308973313567537 0.1412151598385138 0.24277629495410671
18 0.5927253509013888 0.32368675200210056 0.19379861201169485 0.19202719686432987
18 0.16705576486250187 0.3419308541470392 0.16080121815576504 0.16021074643997665
18 0.0622368087391831 0.4158924475529084 0.1244736174783662 0.22513861388525802
18 0.7066413911117552 0.40580732143346 0.14861415022376298 0.15038556537112796
18 0.3647497664865945 0.443015540711842 0.17854379745134585 0.17854379745134585
18 0.22615097902420517 0.4670628153112952 0.1809896028958848 0.1809896028958849
18 0.4841238680103919 0.48779257617720045 0.17916573863515375 0.1797562103509422
18 0.807594116512302 0.5422242257798222 0.103801238759889 0.19886718500181041
18 0.20204076548871278 0.6092673720044537 0.10164170017361537 0.1784030232260985
18 0.41104950300124965 0.6128284521757159 0.1724292838399983 0.1724292838399983
18 0.7223266002789802 0.6085966471079174 0.20973830669189106 0.21032877840767947
18 0.6210713467825919 0.6271858603939394 0.1324974934425293 0.2252015528212971
18 0.2803606655890079 0.6655750231038979 0.13634316371037514 0.13575269199458692
18 0.49232480332657513 0.7063327797237364 0.18346687780844342 0.1852382929558084
18 0.1399786082721733 0.7917857592418127 0.1247374425558953 0.2280699928188531
18 0.59472723027029 0.07341955411954418 0.15102848620028225 0.14683910823908836
18 0.357211990515054 0.8060172895879577 0.1662937905833045 0.16511284715172783
18 0.4509741570994088 0.9413581487294752 0.10985144855079021 0.09804201423502362
18 0.47852440871716434 0.12021391109220309 0.14243061438419874 0.20915391826828023
18 0.34878573863768864 0.18736257929811567 0.19384057130238774 0.1944310430181761
18 0.6729902747267231 0.19972692120842966 0.17549703046834533 0.1760875021841337