21 0.43404090303590953 0.15149285848995833 0.1612534206349997 0.15050650348144046
21 0.9495192307692307 0.1658653846153846 0.09615384615384616 0.11057692307692307
21 0.9359050333397989 0.17723831185697447 0.12210509732466007 0.14186927925794218
21 0.2831381128274757 0.18665550005750367 0.07099908648271842 0.06768878813064554
21 0.4564112601469134 0.19006627829401518 0.06877897739438656 0.1361529517198628
21 0.6495038494246644 0.20080047633458348 0.1326526462750307 0.12391035894317003
21 0.39248853520564064 0.20170790953224643 0.11811897005369605 0.1886988274625441
21 0.4382603193482236 0.026576769496847105 0.059212946388754926 0.048398581936663396
21 0.7981988193556838 0.22689395618667071 0.07757279697304288 0.0893513738508905
21 0.23417798229315376 0.2344247494425012 0.09285440454864216 0.0852355466724559
21 0.3210107801953873 0.2385339847146031 0.10302159545881814 0.11412715231400784
21 0.5753033342749578 0.24842288145752567 0.08050407016592832 0.0737508478945664
21 0.520186519357176 0.26492115309080105 0.07254430280100074 0.10133564170058423
21 0.6058173941824864 0.26902339577899553 0.10948480583392622 0.1712289873437151
21 0.8614099834602373 0.2801212081827486 0.12860537249860335 0.11848072734529393
21 0.9208928869570122 0.2876753832557496 0.08185316142473717 0.07556072509385842
21 0.7395987265841423 0.28902334923957856 0.1486819868388118 0.2393334335392761
21 0.6666738673768637 0.29340449392891965 0.04012934533987188 0.05008958520952962
21 0.47122638882285395 0.3126904024757986 0.09945269266080158 0.09248204805353133
21 0.3006268463991993 0.32731546297704067 0.1266553197013328 0.11666735385404822
21 0.5148644822856935 0.037834609975320885 0.06890186550356193 0.06407253002401518
21 0.96875 0.36538461538461536 0.057692307692307696 0.11538461538461539
21 0.5498663286848928 0.36360471190882654 0.08388883916626479 0.1446503242652131
21 0.08450129605131228 0.37291082012198673 0.07400389417502615 0.06770626959041391
21 0.7049633624855569 0.39454084698814296 0.15845682844699985 0.2339842166563351
21 0.8553018592221988 0.3966168430534909 0.165153526229541 0.15413325046393184
21 0.3181403559588408 0.3946930811238069 0.18275305746560516 0.1710545734236049
21 0.649257874840231 0.4038275801598799 0.15475324464409768 0.1444619251772881
21 0.9302884615384616 0.4230769230769231 0.1346153846153846 0.16826923076923078
21 0.5319843531638082 0.45360209841600196 0.13705560128677613 0.12633867914069194
21 0.9867788461538461 0.484375 0.021634615384615384 0.08413461538461539
21 0.8070283151705951 0.5116658144105511 0.11965229429322641 0.11182120233486532
21 0.2722706580610834 0.5097560376486819 0.06789596830307051 0.12533564402755515
21 0.8252303948737842 0.05766055019336839 0.09950174872143008 0.09308300959199288
21 0.12460576622022455 0.5257158803210877 0.07735209429173452 0.07193048181941328
21 0.8990366762437154 0.5350267966651445 0.10770659802341817 0.12736928391188393
21 0.6136657687848245 0.5417760232336453 0.15010500932920892 0.13902879728745832
21 0.7327542655214665 0.5436702121174007 0.139802839865023 0.13055939507773764
21 0.4631800046832551 0.5673302727697134 0.18535312786196612 0.1734724047452657
21 0.39015703335471935 0.5705094943821313 0.061690128675940384 0.12289683495417182
21 0.1619387177381793 0.6004169182719108 0.06490364778776322 0.059243859964600694
21 0.9246710962727926 0.06905124976608273 0.09118639930422581 0.09423598458156418
21 0.7588057116574081 0.06808627318686178 0.11700316783623722 0.10880240947474276
21 0.3408288335911202 0.6579212275538681 0.16655137599985442 0.24484347985208704
21 0.675650233824537 0.6682786274185865 0.15990432937619065 0.14869662628214841
21 0.5704448997949322 0.7481571632690446 0.19755629406279404 0.18315421890777073
21 0.4097305007285991 0.7808600180114845 0.17616666143219747 0.27433255074014684
21 0.1370164536440702 0.8249248006358598 0.09215533088892322 0.08403012730357909
21 0.288458562970295 0.8846721266417933 0.15330574371490696 0.22974951555147471
21 0.5222938471203382 0.9088582337974596 0.15525609406130195 0.14326349839231867
21 0.7804892839196106 0.09824623145245709 0.16895551970282477 0.15655807436950026
21 0.6123181652716372 0.0984691927823444 0.05656372074872392 0.07481291929334148
21 0.37239675574631276 0.9416240217950661 0.13441876364070415 0.11611184411098481
21 0.5637019230769231 0.9459134615384616 0.11778846153846154 0.10336538461538461
21 0.5589184116589 0.10656798804497301 0.07859058625228585 0.13861273854496817
21 0.5039242864842104 0.10985209841600192 0.15785616445766265 0.14568132971397965
21 0.668882084386444 0.11441585164208472 0.06974790897908398 0.12594709444187777
21 0.294151843128381 0.13025601903291523 0.09755169592415956 0.0912696361007472
21 0.8718598170215166 0.143227843923851 0.07210289743838416 0.06649385763762981