5 0.9259500737077142 0.3195361439172524 0.026054619963022017 0.037561053538548814
5 0.5738215750887897 0.3132479402380672 0.04351746749794353 0.044179264064546794
5 0.6003617789558011 0.33099824904674324 0.02546764359237513 0.039943913653036844
5 0.6292219179697697 0.3344094250897744 0.029719826157003783 0.04790331592854303
5 0.552389744637489 0.34734821205194766 0.03383914962739217 0.03302617974251076
5 0.5260383405359774 0.3620498263201947 0.029723322448957718 0.04850427746700457
5 0.5861554721338534 0.3677541994867661 0.04049517834586725 0.041069526175448894
27 0.3638346658226212 0.3659989803089135 0.0785760216620271 0.08025222357808122
5 0.5622358845218177 0.3873474502201375 0.03626746982491424 0.03731685466917348
5 0.5371423441684885 0.4117064211824853 0.03928975897699051 0.04042659255827138
5 0.6633442672454115 0.4161134894476698 0.02908739799095901 0.0424736760430312
5 0.6333801013292233 0.4294872644028456 0.027284513375574394 0.0424107179249571
27 0.47593517083620773 0.42519084516796707 0.09067916343814672 0.09509502128831858
5 0.5637314961228514 0.43787019152962287 0.03867830856266771 0.03860272190352877
5 0.5950164590423885 0.44497108096085536 0.026054619963021743 0.037561053538548675
5 0.5181143598710338 0.44589063715379784 0.026697537004927777 0.04479357803944527
27 0.3488110280386575 0.4688187279009896 0.08703843128784045 0.08895948966755512
5 0.579594243975703 0.47928121316831596 0.0362744624088217 0.03851877774609655
5 0.6793608519442258 0.48396681877867065 0.03928975897699051 0.04042659255827138
5 0.550762075297364 0.4806777294329771 0.028528391955941965 0.04966422846521167
5 0.7130216906819793 0.48634396005964287 0.029094390574866333 0.04367559911995427
5 0.6457349761260093 0.48759929288231374 0.030900771482204884 0.04433951877648991
5 0.523201755535022 0.49413544854558505 0.041099636176282456 0.04169147375326855
5 0.6049674876853283 0.5029991652828915 0.03747288919379098 0.03795978828635126
5 0.486019058573388 0.5060554679515415 0.029688359529420547 0.04249466208238918
5 0.6303337388110462 0.5255151943205436 0.03928626268503665 0.03982563101980984
5 0.6880330390872611 0.5287317771758369 0.03626746982491424 0.03731685466917361
5 0.7193040168389834 0.5334288204532232 0.04291650595948172 0.044158278025188805
5 0.5462340863459676 0.528586764195036 0.041099636176282456 0.04169147375326842
5 0.6605006896605486 0.546997188596137 0.047140718188481076 0.04730998799300255
27 0.42855051356611706 0.54250234663471 0.0631538065953417 0.11456235578554196
5 0.5740251613772538 0.5547925066208896 0.04170059771474399 0.04171245979262654
5 0.6161134468212837 0.5598672986067204 0.03566301199449903 0.03669490709135395
5 0.6930994569995271 0.5733708193368549 0.0368754239472831 0.03853976378545481
5 0.5488826729365728 0.5707380160447758 0.025474636176282452 0.041145836729959924
27 0.3205312734890029 0.5651671672425738 0.08604628572813944 0.12497520989653146
5 0.5958765468629985 0.5928076194223938 0.04653975665001953 0.04728900195364456
5 0.6583765468629985 0.594990167515628 0.0362709661168679 0.03791781620763515
5 0.7148809166461979 0.5993667013691282 0.027895963789897192 0.0442345885796997
5 0.6861466441425624 0.6175901407107124 0.029705840989189134 0.04549946977469688
5 0.6574473345584639 0.641823195436912 0.04230855183711286 0.04293536890890774
5 0.7067401658801249 0.6459478968181158 0.033853134795207095 0.03543002589635691
5 0.6287550175582729 0.6672581732400347 0.03396151984577172 0.054059833588664605
5 0.7177742436735618 0.6835852609111757 0.024887659805635565 0.043528696844448087
5 0.6889630527469451 0.688587546406606 0.03334657313949553 0.05163500139546046
5 0.6577340304986673 0.6911020415907582 0.039279270101129256 0.03862370794288676
5 0.9282831926673369 0.10091206015340053 0.02485269688609894 0.0375190814598327
27 0.3525784280544463 0.7032776720584217 0.1027578311705904 0.10573108822932517
5 0.6687890860438266 0.7323451749145871 0.0380843396081135 0.03978365894109386
5 0.8130663992964993 0.12572889444281427 0.038080843316160115 0.039182697402632256
5 0.9575139386283978 0.1680251592733548 0.024863185761959655 0.03932196607521732
5 0.926766603314581 0.04678354961314603 0.02901397585993128 0.029853483735338873
5 0.8723452221806369 0.19389129553066958 0.03626746982491424 0.03731685466917361
5 0.545561996935708 0.20651335165836748 0.032134161186711196 0.049790144701359736
5 0.9759413620649657 0.23716435583871084 0.03151222189652741 0.046163389431232514
27 0.8570900277725796 0.05035878443223092 0.08437236323746689 0.04380343012550762
5 0.873966700292004 0.26604865222477025 0.03687192765532971 0.037938802246993135
5 0.5891458939807717 0.26211088495368345 0.03445409633366863 0.0354510119357149
5 0.562738549208001 0.2671971146065459 0.035051561580176374 0.034871036436611415
5 0.5242909959142773 0.2682578542414787 0.029097886866820268 0.044276560658415814
5 0.49666075031286133 0.26969634258485586 0.02788897120598973 0.04303266550277669
5 0.6397735074735963 0.2891140968751419 0.04110313246823639 0.042292435291730095
5 0.6085514778092258 0.29283051513621705 0.02666956666929807 0.039985885731752956
27 0.4294649393476874 0.2865766754075266 0.10154192292585243 0.10328526999676303