10 0.2596011226677614 0.16951931725940947 0.31733621620293867 0.3205935557224399
10 0.5714644527058176 0.21065346878631652 0.24709513304990338 0.3460058845076286
10 0.44045483732120216 0.19995924756926703 0.1463060550450379 0.15090219511018513
10 0.8596321434926127 0.2414119163496154 0.10069726399511417 0.10465283345352311
10 0.689648801287379 0.2697435270658962 0.22988663843192797 0.18827191387785103
10 0.09030826199935738 0.3178470114254833 0.18061652399871475 0.1945391975595687
10 0.8819646738819557 0.4036223764905606 0.21324030254413792 0.23542906061374694
10 0.4040441509221282 0.4128468995495791 0.2062491498386569 0.24024904173235676
10 0.22096004633016275 0.4075492417338488 0.3095726908153959 0.3211577500111903
10 0.862033998129162 0.5672066046951915 0.24036825481084662 0.2544144503583313
10 0.5828450219958076 0.5528580541019513 0.37698546332181426 0.4027288638830733
10 0.32384386510785945 0.5461870249547013 0.1614168216142371 0.13955746037883815
10 0.41417780555733147 0.10495836761475673 0.16683669657764477 0.15497394732540595
10 0.15415636209466588 0.6407470946448437 0.30831272418933175 0.368032650828149
10 0.24614537467235126 0.677319528448492 0.25270582056104945 0.2632080715709047
10 0.735091267095793 0.13115430399046518 0.12071162702519882 0.12545339662440974
10 0.9019852256816281 0.8297407753264612 0.13637029037696033 0.17165380140348455
10 0.7487980769230769 0.8353365384615384 0.37740384615384615 0.3245192307692308
10 0.13815393425148004 0.8120088442954647 0.1337725908450064 0.13730088158991932
10 0.6357011134851767 0.8538291855729244 0.20832343989427735 0.2176577835739616
10 0.26337636507925866 0.8463490785659464 0.1419524004384355 0.14695303345501506
10 0.44711538461538464 0.8389423076923077 0.36538461538461536 0.3173076923076923
10 0.14169237677872668 0.9027417477922394 0.13892515051162033 0.1167577883500521
10 0.6574519230769231 0.9182692307692307 0.25721153846153844 0.15865384615384615
10 0.20072115384615385 0.9579326923076923 0.12740384615384615 0.07932692307692307