3 0.4461014599488119 0.14823734050620935 0.30948550478698067 0.22288392278371486
3 0.680021941994831 0.212711551255432 0.23633601910845042 0.2474598297360358
3 0.11603499840584243 0.29849806893679276 0.23206999681168486 0.24495097751102982
3 0.9018252970969157 0.29471272555597655 0.1898491075153113 0.311436402655111
3 0.40864525085963993 0.39072207731402125 0.25931240924813687 0.2728283681758551
3 0.7146321694336919 0.4594095067553124 0.32804189034826065 0.21134879321134073
3 0.6727622568010901 0.03876440257813388 0.2944995248593581 0.07752880515626775
3 0.16244601108466686 0.5780798260686807 0.2947062067622011 0.2640761798830239
3 0.42146003348401523 0.6663243364370502 0.2462136256203626 0.29309197750017024
3 0.7602554969142675 0.6718235796743878 0.3370038690458782 0.20285940049021678
3 0.12768893938375064 0.8542184090303387 0.2553778787675013 0.2819477973239378
3 0.48159034889455665 0.8634752838637701 0.2584422332292405 0.22651932769059668
3 0.8457450708666193 0.8470717497971775 0.2367516771733662 0.21564387022129403
3 0.17974303999368446 0.09256868169945197 0.2805379584741695 0.18513736339890394