4 0.3747868500231727 0.23949815285231468 0.07934181943009204 0.07471801594400453
4 0.3196662256474824 0.2526565830706753 0.0544191711409924 0.05691308843030367
27 0.6963297009220266 0.25499077611664644 0.12655994193221923 0.13176992952977293
27 0.5944328914808911 0.34574934632421694 0.14980558347801293 0.15667086140926295
27 0.3195160146066944 0.5197915970695963 0.09784270760423255 0.10291662613226595
27 0.45172146977605543 0.5799057348297686 0.21706523320283494 0.2270128808175034
4 0.2957089529215923 0.05204289256608948 0.06541480581874463 0.06782263915864516
27 0.33320753371146095 0.6837618540335626 0.13120420360763596 0.19149619002896354
4 0.5711883029422302 0.6685113533946658 0.08439077765926815 0.08884822225061785
4 0.4759156018929334 0.7251539410653933 0.08468753434020662 0.07145884900048298
4 0.4124024956241282 0.7400534534741734 0.0782657742252475 0.08185253167504342
4 0.6231166677019021 0.7482090910213801 0.08194497221472911 0.08629033063577268
4 0.5498832785909801 0.7577151698895406 0.07426883990948091 0.0936021828875262
4 0.4878658104339476 0.7893645826447442 0.06234705919039767 0.06402431310162736
4 0.382558131862338 0.8225848906210059 0.06054417457501306 0.0639087790058781
4 0.44159922014899367 0.827224238364993 0.09968755151031007 0.10543600638186135
4 0.5631403084356493 0.8278584041230074 0.07356298014428721 0.08755405613766107
4 0.48564469779604175 0.8689225739131659 0.09020108641309263 0.07781506667234613
4 0.536880734259282 0.9089568500014185 0.08505467813376896 0.09249250284663682
4 0.399682747252023 0.08027470697390363 0.07521900724224705 0.07925612869494864
4 0.31679201423502357 0.08799312153221375 0.08221770760423255 0.10191533063577268
4 0.3860568968521099 0.12687205666297427 0.08194497221472911 0.08629033063577268
4 0.4644756118869597 0.1386925022574313 0.06969496534668779 0.07229894948462409
4 0.3197772071663919 0.19007956034017578 0.08864995754186494 0.09212260949967367
27 0.5569127072911271 0.19533877473947098 0.18525927260115493 0.19315932828605548
4 0.42832791770570433 0.2047821299798382 0.08956865540661145 0.07597367069171163