12 0.5051460964020491 0.18798272772463 0.2749043984125674 0.24229250990135529
12 0.8567999631600193 0.20105191411878154 0.206660070240871 0.2179159305827316
12 0.9038461538461539 0.3137019230769231 0.1875 0.2091346153846154
12 0.6060352591120078 0.5209319319993385 0.1809896028958849 0.19136390552625188
12 0.3657975012448173 0.5475606504859576 0.381640369629415 0.16815764475879538
12 0.776534415580136 0.5669844066201183 0.24118016514609764 0.20132637360944522
12 0.5148718387817943 0.6072717290013023 0.36998387612325057 0.1192610351192053
12 0.6412355157293113 0.6759247953882603 0.22744941651945239 0.2398969197310174
12 0.3203430338361961 0.7014440864909738 0.14674832667233909 0.1551599233996638
12 0.8628089547900858 0.683205220534417 0.15048742195177148 0.19745492180382349
12 0.17709830793670844 0.7688636252752529 0.22011200018583538 0.23213892356103416
12 0.5803299687756388 0.7720069160409353 0.23541926385955053 0.24950333865875562
12 0.3787425661781046 0.8065385011081567 0.14561679070803976 0.19348484743409108
12 0.7710100618073022 0.8020880168980445 0.17977718999628842 0.19067186770304956
12 0.5926158516421955 0.8553218448628835 0.16262508241649615 0.17076699202437104
12 0.4392102703483165 0.8922199939250889 0.19967490134764723 0.16157112608210455
12 0.7181084440552528 0.07782816213737839 0.21506304195665932 0.15565632427475679