12 0.14188411141208163 0.34971357669965364 0.13865233777504582 0.1390543220710024
12 0.8127517815228966 0.4098528116013262 0.21278429693820572 0.2517041793907659
12 0.4677845912401313 0.4286981672688067 0.18014541427646583 0.29638277454267603
12 0.7236682903885986 0.44422777597153573 0.17844745985787114 0.299303611534477
12 0.358157758767835 0.4308154832329353 0.168273085782741 0.3000297006418617
12 0.22946804537963375 0.42722941941729925 0.10870158292053776 0.3122547157531748
12 0.6099320237409406 0.4606002274577276 0.18577919572204193 0.33744409079257637
12 0.12798374522885017 0.5753952128261696 0.11875767436244083 0.3253227517969032
12 0.26360263019460933 0.6563521973009185 0.16974210853780256 0.34209700833416956
12 0.8136636786382182 0.6940104819582129 0.183556590319497 0.3253408893228388
12 0.39974044731080316 0.6879743551548168 0.22138854760029475 0.30910341811313696
12 0.6708294256721101 0.716250940697835 0.1768887741118617 0.28903128491362623
12 0.5181432228241631 0.7103433444651859 0.23447423683797416 0.23711481803034928
12 0.09809589754301648 0.7762546608761608 0.10031671554965552 0.1408687163576276
12 0.22276012091328815 0.7916920140600141 0.19126413464800698 0.1337049626192006