2 0.781079146843652 0.2850699126628147 0.11830320303441756 0.11383168973360742
2 0.6511243855371152 0.3111286037423489 0.1508040829889278 0.14510413196811486
2 0.8685008158395124 0.3368689062864868 0.12160234709049707 0.11755989549551962
2 0.7742602552332257 0.3390585018994387 0.11695411177560817 0.1119798305057656
2 0.5640464065147797 0.34375807317803553 0.09796862284798252 0.11420104439875772
2 0.6413867079108039 0.4156469368221994 0.074653614224992 0.15877219254154712
2 0.4821687666512488 0.4308658779749184 0.12285332622804891 0.11820983164643852
2 0.769330269914607 0.44377273342911805 0.1496021599120048 0.14505515735565774
2 0.03456202796524592 0.41907526680305385 0.06912405593049184 0.11699668745226159
2 0.5813397093083202 0.44214230927040654 0.06605631643797484 0.11948930678548947
2 0.17268586315447404 0.4254909410349503 0.11705222389686572 0.11318175358268867
2 0.6788427459040169 0.4738514328735869 0.1222033086289586 0.1175843828017483
2 0.45805696897944786 0.5046504895572907 0.12870348461986075 0.12383887124864976
2 0.058944972941564075 0.5040648928339496 0.10925201270778326 0.1056763674464068
2 0.6956698673470227 0.5336272066670477 0.14300387179984525 0.1375987458318331
2 0.014914430993695191 0.5085828276103407 0.029828861987390383 0.09889642445145068
2 0.6027539195607516 0.5491359053510678 0.06395909545881814 0.11581007563603449
2 0.5424615414720831 0.5490910208820529 0.14300387179984525 0.1375987458318331
2 0.44589086757745544 0.5945988218766927 0.10725290384988394 0.10319905937387475
2 0.0054708913650730875 0.5792514160865162 0.010941782730146175 0.07196437063457085
2 0.07285370510085086 0.7325506689087562 0.1428200355512896 0.09865868236297633
2 0.02129256193127428 0.8750448844690151 0.04258512386254856 0.14213912284273178
2 0.8076683251687213 0.19570927569289953 0.11240398858197682 0.10760168859293451
2 0.9047789132793886 0.23222609160377222 0.10525379499198478 0.10072175130134284
2 0.6997652053536643 0.23231386902450565 0.13221124091241412 0.09343470584939749