5 0.2742999580932181 0.2626986507646017 0.14364188272153536 0.17502854926424474
5 0.15066173779311728 0.3224929612845445 0.20374215490517175 0.20596989563564774
5 0.7972628465114325 0.3005652229383919 0.16520508645284776 0.16735852555658803
5 0.4172453175645337 0.4222106248092601 0.18376760082933513 0.1851092294281336
5 0.2507075597573845 0.44633735024985816 0.21539992908718505 0.2189355181978273
5 0.5780761399166494 0.42844744022272196 0.19390401867169324 0.21048473501068335
5 0.8478364590325772 0.41440303001438916 0.1478233434994309 0.19211835895032026
5 0.09223779028077472 0.5069876085694447 0.18447558056154945 0.19153946338739275
5 0.7157595072026796 0.4582116546066966 0.12979889566628727 0.1308129267020653
5 0.7877743718191634 0.5558387558173805 0.19474036682391635 0.1968203515915594
5 0.38591183088200304 0.5969700221847586 0.2404763387421111 0.2444235337492161
5 0.5828591221994465 0.5821285067782063 0.20848667223452616 0.248194935293447
5 0.20639682250064664 0.6700149078515675 0.27378548164189 0.27660466986901666
5 0.7115912413868914 0.6544858020727934 0.23340350524969614 0.2372346062860039
5 0.48730239922979923 0.701583641919303 0.23271409874156143 0.2957082184805907
5 0.4036703838396875 0.18926256782386122 0.15262691746964074 0.16685536333660947
5 0.6167722250422897 0.18256427202143993 0.15929627105035302 0.18535740538692996