4 0.12881952040138847 0.49655561314686625 0.08609638758100988 0.2710806113968009
4 0.03488322142847873 0.5198310210650925 0.06976644285695746 0.23016968863904588
4 0.08809200125859992 0.5968258234893408 0.07161585310908135 0.19019642579163795
4 0.03706125714311538 0.7694667159261294 0.07412251428623076 0.278975221993895
4 0.11260101429417665 0.8325296856015902 0.19804157674711556 0.20937482030480525
4 0.033550637075447004 0.9520679473336963 0.06710127415089401 0.09240391621659573
4 0.12608801291826915 0.1054407883808533 0.11801628185576939 0.2108815767617066
4 0.046315498597222206 0.14668840951049392 0.09263099719444441 0.21143087328670448
4 0.019253237539042383 0.2856202422592812 0.038506475078084766 0.16854316932759147
4 0.14464436564855745 0.28059169581496846 0.1058132032525375 0.113000829718477
4 0.07813997207121384 0.3315471972530111 0.15627994414242768 0.1738628760014194