21 0.42707953776078933 0.11707068559444506 0.1542639853386089 0.16093288238478076
21 0.9483173076923077 0.08774038461538461 0.0985576923076923 0.11778846153846154
21 0.9278770072563941 0.10201948960381586 0.13058800530274958 0.13516397143624426
21 0.2744925462761168 0.16478614234895822 0.052775881123714626 0.086712358124435
21 0.44765341351047194 0.15407500350013092 0.06243515258722054 0.1401889693598655
21 0.6402968824478925 0.1491181825569895 0.11529878193247793 0.1435953643499986
21 0.38316928814378615 0.17101235364536424 0.10933305339598384 0.1958879838837989
21 0.4371375184973978 0.008555493132527634 0.05696734468710328 0.017110986265055268
21 0.7878129114855449 0.16324726043399804 0.08269804181064334 0.08538349601218545
21 0.2232868140401431 0.21687042195447592 0.06453756058713332 0.11457531391787129
21 0.3099511918147527 0.21391869868390845 0.09771636143866608 0.1206856809790122
21 0.5638507655965342 0.2031150641420638 0.04692080161752662 0.10784605394297607
21 0.5079479900831743 0.2242225726018039 0.06782853922753226 0.10583411969517059
21 0.5934104447808609 0.22136192561597723 0.10151291979306265 0.17791364155996953
21 0.8485539137182816 0.2116691378663148 0.12310364832955674 0.12680501372779954
21 0.9076999769598084 0.2144179383755547 0.05630533979997283 0.10196408729782537
21 0.7262935365018561 0.23057430352525976 0.1897359833136818 0.19838432573066245
21 0.6531441171244126 0.24093764920214011 0.03779953357440801 0.052612096234531336
21 0.45674225784720063 0.2763068522073216 0.09515797940639267 0.09891445116728562
21 0.2854128948705092 0.3049557609252542 0.12123780559609816 0.12486551468530373
21 0.513236421051996 0.015160877507643047 0.06592644324887331 0.030321755015286094
21 0.9615384615384616 0.28725961538461536 0.07211538461538461 0.12259615384615384
21 0.5330243159225052 0.32114089178416205 0.07715203406130983 0.14969534631521653
21 0.06709788286351179 0.36849772103281836 0.07086005179271379 0.07249904053791721
21 0.6867178486596371 0.3396222805451589 0.19280374912406353 0.20041490105789897
21 0.8370002053537378 0.3294396680294835 0.1243570918575223 0.1970264374430587
21 0.2997825620478384 0.37135269038553864 0.10869203454821144 0.24618660054508654
21 0.6305632406739808 0.35351825054336056 0.14456465656579215 0.1578004259530083
21 0.921875 0.3473557692307692 0.15144230769230768 0.18028846153846154
21 0.5109318372108238 0.41319772453294934 0.13118896684121112 0.1352095095786146
21 0.9891826923076923 0.40384615384615385 0.016826923076923076 0.12980769230769232
21 0.7833372172181701 0.44919594508165667 0.0912603203940164 0.14177383865518295
21 0.24852342006611694 0.4909268148682303 0.062057403878776216 0.12937166166755779
21 0.8227602330019674 0.0202186096297655 0.09517896544575066 0.040437219259531
21 0.10007256762968 0.5190471972530111 0.07401176176052762 0.07693346201899996
21 0.8742789174830057 0.4652017621876361 0.11686318651200321 0.11973905538101857
21 0.5885150297263257 0.49529137949440505 0.12972949245847593 0.16207062623990226
21 0.7075473864204264 0.48747675038199023 0.13373971527056347 0.13959839291732698
21 0.43679418468884784 0.5333003753487928 0.17729703175729072 0.18545433211402368
21 0.36360279323268835 0.54246179794875 0.0559638443367286 0.12651243409000765
21 0.13392483651007467 0.5911984446189814 0.05635303071220477 0.06900227896718156
21 0.921695674018104 0.020923386280299154 0.09144727997883323 0.04184677256059831
21 0.7558302894027195 0.032391031909661555 0.1119505640075207 0.06478206381932311
21 0.3101763703635748 0.6344827679469518 0.20271293829046044 0.20955697287428685
21 0.6446047902992025 0.6175770223274744 0.11936052519560783 0.19125347845794166
21 0.5356380734193312 0.7065759629622138 0.18905107761778817 0.19593494143444581
21 0.373351753161842 0.752616183840807 0.16339480175405363 0.2850952644468209
21 0.09850438446074392 0.8192368062542651 0.08593369593588938 0.09222176364711442
21 0.2471956317024454 0.8670197302851197 0.18784915454086518 0.1958438651497053
21 0.47996425504420404 0.8722785457916863 0.14860349902015882 0.15331150064190852
21 0.7761103606013898 0.05946621332529699 0.16168538419372752 0.11893242665059398
21 0.607883101910875 0.04914055185230688 0.06468254809323426 0.06723596680652097
21 0.3285791866364546 0.9199029262614585 0.1296092950558436 0.12430112560156613
21 0.5197689000246559 0.9078256431415194 0.10768087512021597 0.1142482909377706
21 0.5540903680003489 0.06665657954996142 0.07213448136003724 0.13331315909992283
21 0.4989278226980355 0.08841695710419911 0.0896138864264642 0.17683391420839822
21 0.6637172004726453 0.06281533078539796 0.06388127453351881 0.12563066157079592
21 0.2881448585764627 0.10711176603194333 0.08055366173201464 0.10979522837725658
21 0.865403712129268 0.07301053397174988 0.06901519509861323 0.07116050303388295