21 0.6646634615384616 0.2247596153846154 0.6658653846153846 0.30528846153846156
21 0.30292280887392065 0.2730298112422396 0.11508128793597659 0.11307251796381056
21 0.9134615384615384 0.3269230769230769 0.16826923076923078 0.16826923076923078
21 0.9543269230769231 0.35096153846153844 0.08653846153846154 0.14903846153846154
21 0.7175481278724766 0.3704101834941303 0.2850580214961283 0.18112928414041776
21 0.14120122238439256 0.46248780100867215 0.24382443654462552 0.23891907028839027
21 0.8329326923076923 0.5084134615384616 0.3293269230769231 0.17548076923076922
21 0.3340850861270778 0.5456146081623796 0.6425042461192952 0.37091020675216385
21 0.9471153846153846 0.5889423076923077 0.10096153846153846 0.11538461538461539
21 0.7925252729181731 0.6581164973314734 0.19663845001836605 0.1434566713080757
21 0.6926588380420622 0.7939486327302839 0.3845600855749314 0.20931937594866887
21 0.2609089109273607 0.2061836450937778 0.5167048618542853 0.29495744776108074