2 0.29372085164764977 0.24276250984711062 0.3154548871863251 0.32564834586063796
2 0.7986404442358975 0.27697190207955413 0.3068875627620997 0.3185477406054818
2 0.6846775327331197 0.0734861491471401 0.09050891162008548 0.07248799181824372
2 0.11810121200523525 0.2781449917965246 0.23137672441151202 0.3489582528238184
2 0.8930288461538461 0.37259615384615385 0.2091346153846154 0.2548076923076923
2 0.45653594867884617 0.06980076474894677 0.09576420504999998 0.09199877723877249
2 0.47275445478605793 0.4056273315425644 0.30073807202678976 0.312188104983667
2 0.723006230417308 0.43100548110236797 0.16725216046535799 0.17238112737490113
2 0.5659109486788462 0.0761711330659762 0.09336035889615382 0.09185876914389271
2 0.3167852104264961 0.4601587244048627 0.1707475368241455 0.24520247959990712
2 0.573158501722917 0.490694586509558 0.1875889499056625 0.27258984193265334
2 0.8420276049199791 0.5939758696565968 0.15710524951733454 0.14898455653384374
2 0.13448656359423125 0.5695704087914283 0.25162858370235075 0.3939485098905489
2 0.3243914146871266 0.6322437365471825 0.24238985759479187 0.3580017507892389
2 0.9555288461538461 0.6766826923076923 0.08413461538461539 0.40625
2 0.0917108346970086 0.0725579958656836 0.1834216693940172 0.1451159917313672
2 0.7124457230514962 0.6992561936689788 0.1732807880802887 0.4313955504518242
2 0.5366022828479706 0.7250232910030083 0.22073874232748408 0.22710899574622848
2 0.8316888882371801 0.7686165903180874 0.18703296578955694 0.42919578930507524
2 0.2994907506696054 0.8516474815150314 0.2127583919066508 0.21944243097633084
2 0.9567307692307693 0.9038461538461539 0.08173076923076923 0.1875
2 0.15144230769230768 0.8641826923076923 0.1778846153846154 0.2668269230769231
2 0.4387019230769231 0.9074519230769231 0.18509615384615385 0.18028846153846154
2 0.057692307692307696 0.8882211538461539 0.08173076923076923 0.21875
2 0.5973557692307693 0.8954326923076923 0.25721153846153844 0.20432692307692307
2 0.8858173076923077 0.9230769230769231 0.2091346153846154 0.14903846153846154
2 0.9134615384615384 0.1466346153846154 0.16826923076923078 0.1971153846153846
2 0.31009615384615385 0.9615384615384616 0.13942307692307693 0.07211538461538461
2 0.2595334692830663 0.11474048153675054 0.27868232318151726 0.2154801535855243
2 0.4722189086972223 0.17634004004001624 0.1894322897176817 0.19707870022881904
2 0.6404052191950858 0.2341475257110832 0.26502906315678454 0.2734993337617565