18 0.8077538221949937 0.4028282766987556 0.21495568401734033 0.21614184145441173
18 0.14141026351797503 0.38908086057869823 0.19520468999076412 0.3190531604409807
18 0.4259752838637701 0.5158934382826488 0.1359663661195565 0.2990915964732944
18 0.6589383486445274 0.5344416172303167 0.2645958438912157 0.2666216894823529
18 0.26789332435988805 0.5166207682795249 0.2028658884130545 0.27583766134253385
18 0.8723443324982061 0.5987864779509919 0.20150080948797686 0.25240016134253385
18 0.5248485551725571 0.578930754990489 0.30854733372917775 0.311947242915354
18 0.7585009277324986 0.689210201436808 0.21811659884734963 0.37320865087883753
18 0.10147427452354972 0.6642603639719458 0.20294854904709944 0.350171484836869
18 0.28567883871054023 0.7083731599653584 0.32819220010936384 0.3305689798534806
18 0.49032134078855805 0.7781884769571529 0.17744937210383982 0.39455131684981715
18 0.6274038461538461 0.8473557692307693 0.16826923076923078 0.3004807692307692
18 0.7699793483621786 0.24357439020927593 0.28936342079257354 0.29096017118863116
18 0.593612235055581 0.2889735016327358 0.21235311920400443 0.2536943274554907