9 0.045181066401713085 0.3012519830916624 0.09036213280342617 0.16682384363126126
9 0.06337673295584417 0.41562875656698856 0.12675346591168835 0.16393479455833054
9 0.4931892635831324 0.4450288369125592 0.9312897420645043 0.8900576738251184
9 0.7007967657697457 0.579175518388817 0.3594244187036963 0.3591408625570423
9 0.7829949763669345 0.6491594605662462 0.1610845240457288 0.26606676103712673
9 0.17335918241714346 0.6848850798459682 0.3467183648342869 0.43792214800037116
6 0.8868859521257335 0.6964379553304401 0.1474961293443233 0.22820873951887102
9 0.8582509319971299 0.8177640851706981 0.18908526297499698 0.20163022996861785
7 0.059090106625381715 0.8635681235433127 0.11818021325076343 0.27166182983645154
9 0.8111777741252553 0.8441961712437217 0.21622761114170322 0.21503524336312113
9 0.7517935150239452 0.8556961486293816 0.2153466334134822 0.21019605599576388
9 0.2752019401354478 0.8914575435765983 0.0565598278752093 0.06587252678900714
9 0.6779861789995583 0.8679520074470084 0.19814061521086238 0.1925187663078779
9 0.42636423163799597 0.8883284808486377 0.08765740472226934 0.14718619402966426
9 0.1964469037084888 0.9063692090253936 0.082039299521411 0.08158690115836063
9 0.3249126648443783 0.9020331124108677 0.08394719020795545 0.08348427095274119
9 0.1575771952327561 0.9359661334938724 0.0828384189317471 0.10559386763715722
9 0.23768601710196297 0.9389573339602619 0.07574966794703607 0.07646425825401557
9 0.37513712642627806 0.9449346240833993 0.058222704395714114 0.06356316581415665
9 0.30012786732496816 0.9572534730203567 0.0538468906431062 0.05015304161001119