1 0.8970262281258996 0.34718153448314115 0.20170931791930477 0.674412972843111
28 0.40211654576876676 0.4737149026220253 0.0335176442959008 0.043632857440139686
28 0.3773903037273109 0.5095068677471304 0.037377929408813446 0.03707123026122357
28 0.42629120916517366 0.5172918174974097 0.04047722228011694 0.038909078979580104
28 0.35620684079729376 0.5465427128727248 0.04490441846700481 0.04316475949297181
11 0.5671154011424495 0.561023416491185 0.3471871773119632 0.3331659815832496
28 0.4101725098298132 0.5724264369827945 0.05126047950793833 0.049845264621992715
28 0.3237021492203243 0.5930680718430048 0.03747241458780925 0.03887411487660818
28 0.3839923842341119 0.6130121087744029 0.04107307300893645 0.06173862462052426
28 0.2987239467015462 0.6336677292758022 0.04180257019088017 0.052738187184789856
28 0.34648591918181637 0.6402367703079697 0.055719170754491426 0.05470190667384582
28 0.3099294167291215 0.6722831097904175 0.0349374773856599 0.05926485026073399