29 0.7619518287592288 0.2908483822479504 0.20487362618125743 0.2054581471639479
29 0.5923836174900674 0.38877941496406443 0.20128184259167708 0.2065971313048317
6 0.352572413394193 0.44225419018719364 0.4316475949297177 0.4341304664056697
27 0.4954482595602764 0.5299228228055474 0.12950826412010402 0.13144106299862393
5 0.45561781239286325 0.6195784384396332 0.054722885135629 0.05563158404058873
5 0.21575066573223356 0.6682455213550701 0.06262629180335623 0.06358045173534038
5 0.43466849342649927 0.6788503028250995 0.042102692827936695 0.0554112977644513
5 0.3700723313788068 0.7064255113661135 0.04256379795451027 0.04340255681789365
5 0.3910504636928624 0.7529438573952245 0.04865033436566408 0.05011803196770286
5 0.32430219703272223 0.8021956406115469 0.05957253436688781 0.05932127185274347
6 0.36953750875237606 0.24720697740011252 0.5428600226154173 0.38740368880750176