14 0.612091575106436 0.3160963725814136 0.1997236454714926 0.19403795614719868
14 0.26290437978396813 0.33975883729917444 0.16639741265182564 0.16380107945862193
14 0.5322179556209483 0.37664704438154833 0.22192526128225865 0.35820184861385584
14 0.756876266927099 0.5027222995929889 0.13889408271883277 0.3336843950777376
14 0.40096714659902916 0.509599796737271 0.19627344544908493 0.2613141818273076
14 0.25178879550172856 0.5152745694494807 0.15644979033419837 0.15232686955659355
14 0.6753111109087515 0.580106887053954 0.20905282005580345 0.204907708218812
14 0.5239516098226548 0.6194424985039173 0.22757127966558627 0.22183952005434596
14 0.22342661946604883 0.7053112746975673 0.11877513064112932 0.17914637610232595
14 0.3471676134364977 0.7478532767404288 0.2152372973889676 0.21095228652296427
14 0.7162408046580933 0.7841610993584887 0.17747701326695656 0.17287843579071177
14 0.2128227592026642 0.8219397686625503 0.14891706945187635 0.16189680237658002
14 0.4652266053565104 0.8204713260419966 0.09273038106242026 0.15135530107103998
14 0.526419765110458 0.8237204734934885 0.09137108223180344 0.14593965464097855
14 0.47625779249667244 0.15225104336011763 0.09483233753567023 0.09969358651506982
14 0.30085982987211407 0.1917265064882288 0.1379138445295607 0.134794096182598
14 0.37460966806773033 0.21773527397827783 0.11021997299849645 0.23617828529295928
14 0.6882066739755242 0.2195159788092161 0.13412035152345134 0.16962189507773764
14 0.20712269169890554 0.23313032006448314 0.18182363359502626 0.17771060214207984