6 0.8438673469769894 0.7512784330675888 0.23193538618851106 0.24435756119728871
6 0.8795403429978743 0.7615562232760227 0.19232618977994612 0.18117087553152883
28 0.519500867593389 0.8137282859935042 0.1242159390542617 0.08628049569223496
28 0.63920356182976 0.8207439969446937 0.10264483753567023 0.10730195991051243
13 0.7713455875308105 0.07015398524609023 0.45610690186145597 0.14030797049218047
28 0.48130985951340166 0.8899889573235319 0.10943027640729579 0.11385119196204349
28 0.82364810209822 0.86923854122673 0.10888177345339892 0.11560502051679933
28 0.677760768724301 0.8967351078988675 0.11479290258228075 0.09210617564525318
28 0.5727038475760566 0.9220977855251787 0.1308679192804442 0.06763839918900963
28 0.901073654304025 0.8868997148834648 0.09097070629547342 0.07697183543458135
28 0.7831453032067244 0.9013223950743758 0.08588323487010313 0.0669640023341671
19 0.152403037131927 0.13162286573399445 0.29134777188999217 0.2632457314679889
13 0.42717750939015997 0.5250947041791204 0.4830251659149757 0.5082647064279123