6 0.2823822699690481 0.35656112679955626 0.5550624804213887 0.5550624804213887
14 0.9025602785586495 0.3761949935968413 0.18267756844705885 0.7523899871936826
14 0.6136080055087019 0.5112923409148974 0.5807839065366167 0.38673859677854594
6 0.24926065344861648 0.7800231635289767 0.4244559626032892 0.4222061619104419
14 0.09517421938268364 0.8014230259107814 0.19034843876536728 0.29619240971689875
14 0.7507097862254004 0.7814044856035416 0.3696619204645493 0.3516635149217716
6 0.566785114845101 0.8123427098702316 0.3287356546270275 0.3107372490842501
14 0.8093743510662461 0.10314635730790443 0.3614195670982771 0.20629271461580886
6 0.09615384615384616 0.1658653846153846 0.19230769230769232 0.3317307692307692
14 0.6078991114234598 0.133410216869692 0.20850667797512615 0.20906912814833795
14 0.6545001459238426 0.30279004888264016 0.24175926896811253 0.2423217191413244