12 0.5939608443075799 0.18577884397827749 0.14966253149388015 0.15494128721103956
12 0.4529769421630721 0.2681089396791319 0.14534549675431416 0.17790559131456524
12 0.5920114697444651 0.2993905410710125 0.16295448940562643 0.1704684878925566
12 0.38724001685885345 0.3595444474730064 0.10200380495581712 0.1340133330313389
12 0.7054433966386179 0.3510143907772805 0.1301650265630026 0.13468158254198698
12 0.4274402637248792 0.4453321158554851 0.1679581133478346 0.17509583723643127
12 0.6049626630376391 0.4479032293911692 0.10721818413112895 0.1560159896687676
12 0.337381660619829 0.48096809954294933 0.09683223961259543 0.125780214456695
12 0.7053380635593041 0.4523965478134629 0.12321856683789861 0.12689169354031316
12 0.5331008474874486 0.4855676626544882 0.20881198829197878 0.21697490161695127
12 0.3450740039419271 0.568393020227351 0.1830249656414633 0.19017980834497836
12 0.28425341795206227 0.6099187540054136 0.05497568715339153 0.1394751092221152
12 0.7578111102597547 0.5684878244029928 0.12720966055748034 0.2511330000363602
12 0.45744230196299446 0.5971803314720806 0.14971851196088465 0.15614321028796263
12 0.6340986610008582 0.6070681381129641 0.13476859149228615 0.2206716598638174
12 0.7080614010273915 0.6404223210317677 0.13186257809907323 0.23538023439437306
12 0.3670807771804408 0.7040452406289892 0.1390823123045046 0.1462349727399213
12 0.47715718998167095 0.7354467073148869 0.13713947652160877 0.1430724330821222
12 0.5906417834154808 0.7363794785030636 0.12450611757900222 0.15453592430954408