4 0.6466833738961199 0.13739489117440673 0.10776804207800578 0.09835006208354809
4 0.8473557692307693 0.9290865384615384 0.15144230769230768 0.13701923076923078
4 0.5516826923076923 0.9399038461538461 0.13221153846153846 0.11538461538461539
4 0.38341346153846156 0.9314903846153846 0.17548076923076922 0.13221153846153846
4 0.9447115384615384 0.9603365384615384 0.10576923076923077 0.07451923076923077
27 0.4862143543159714 0.13240220748067963 0.187254124598608 0.18679286961805805
4 0.7040319916149023 0.22535471051813522 0.1188673973231677 0.10994151819615244
4 0.818312796043852 0.2352088806454331 0.10764535233491329 0.11148013964496115
4 0.5720166773958787 0.2177401653504947 0.15725520291920111 0.15585196122286607
4 0.9447115384615384 0.24759615384615385 0.10576923076923077 0.10096153846153846
4 0.4750531582840558 0.2737006042244508 0.14427942855923212 0.12858996696789132
4 0.8646233042059774 0.33427716791098444 0.18431086014392953 0.12147021449523186
4 0.9651442307692307 0.3713942307692308 0.06490384615384616 0.11298076923076923
27 0.4884211827629713 0.3643002164173855 0.08840239347626795 0.08792395659314287
27 0.5775597146977937 0.3734437076420499 0.17870578368917792 0.17718645069031985
4 0.7538253808986217 0.3963562298295896 0.11361800210373474 0.1626984848413031
27 0.3836082972183959 0.4411666603980307 0.1657544877680025 0.16485741861214281
4 0.9603365384615384 0.49158653846153844 0.07451923076923077 0.16105769230769232
4 0.658725992090688 0.4751532071650842 0.11840131515567484 0.1188648649883348
4 0.5394166934896965 0.47686288638331314 0.0802096346191147 0.10462323093060114
4 0.4532950596920164 0.5193110111816002 0.1540544685335032 0.0654255359117666
27 0.7375881223796571 0.10964307215341894 0.129022398605468 0.11728070539715568
27 0.14798202053171983 0.5105096354957763 0.1501050093292089 0.14874046473371486
4 0.4776276592281671 0.5832682317374528 0.17868140443342584 0.13298852569838823
27 0.803643149438093 0.6115556741329755 0.15301160571721795 0.17703119518377755
4 0.9146634615384616 0.6237980769230769 0.1658653846153846 0.17067307692307693
4 0.6005671063156801 0.6260297063653777 0.11755507331406999 0.11581451915365658
27 0.3472556734486829 0.6104183795158408 0.19830442378314148 0.19778336419220083
27 0.13988707624669955 0.6162057213555592 0.18985419499496878 0.1893788683413859
4 0.27391358976845726 0.6777246524152564 0.12820063520265654 0.12916332173927522
4 0.38081101074910595 0.728826443672195 0.1415200995361507 0.07283715831807942
27 0.38956756716284385 0.8214655968800126 0.18650599487826042 0.18494444686030292
4 0.7963350857839603 0.14156788830546674 0.08655045280025483 0.08718638062757006
4 0.7171528513128871 0.8689838085063045 0.1187201299582404 0.13740359639590155