4 0.4170673076923077 0.1369508322955631 0.16165865384615385 0.2095525315298621
4 0.7572115384615384 0.17668666958560447 0.11478365384615384 0.2754410561305827
4 0.1971153846153846 0.1996843381631879 0.2776442307692308 0.28188956730579123
4 0.4254807692307692 0.22574628247044587 0.13942307692307693 0.27527017732172265
4 0.5673076923076923 0.2376937612426458 0.23497596153846154 0.23967844374214725
4 0.7223557692307693 0.28546815622372745 0.20252403846153846 0.20605910870240945
4 0.8846153846153846 0.34273205794811523 0.22596153846153846 0.2731749425558953
4 0.2800480769230769 0.43140981955736213 0.10877403846153846 0.21824481175000443
4 0.6634615384615384 0.4812076973072403 0.21634615384615385 0.37937729770081635
4 0.5012019230769231 0.4876457186597755 0.14362980769230768 0.14733879838812752
4 0.3641826923076923 0.505662398229267 0.24939903846153846 0.25375231487091965
4 0.07932692307692307 0.5647211126379058 0.15865384615384615 0.22632700549341925
4 0.8269230769230769 0.6454217732324354 0.2127403846153846 0.44361724338016156
4 0.23557692307692307 0.7158399125890257 0.19290865384615385 0.3326941561550228
4 0.5901442307692307 0.06928659333012764 0.2566105769230769 0.13857318666025528
4 0.6262019230769231 0.8015696047745176 0.21454326923076922 0.3781439051558735
4 0.4110576923076923 0.8173441920607568 0.29507211538461536 0.299621656778699
4 0.09254807692307693 0.8914134134621723 0.18509615384615385 0.19794240384488623