18 0.836265745410417 0.35457750569681273 0.20785278685347236 0.20430674668035032
18 0.17227368555528877 0.37955676064217536 0.18444527180170966 0.30872371381864905
18 0.46565682648317347 0.4894220428708426 0.2091246476057426 0.20731854695656546
18 0.6989138286166671 0.49438437337964714 0.17600433766263388 0.3333106925162665
18 0.30845667903750046 0.4993233220712812 0.2312068641125803 0.2266751826976678
18 0.9086538461538461 0.5456730769230769 0.1778846153846154 0.24519230769230768
18 0.5691351163181628 0.5465067971183561 0.2982922632677351 0.2949649323667748
18 0.8105278391668274 0.6428502443928514 0.28533637011837626 0.2804684333126704
18 0.14027438829583389 0.6569772287263694 0.2205734042542738 0.3377761488900711
18 0.3417228939655989 0.6893949902389049 0.31732770947705685 0.312501202032724
18 0.550970414569819 0.7470950918702695 0.2766991080188036 0.2708041006099337
18 0.6930780932871803 0.8116151472643581 0.22873308028338693 0.2236563898375453
18 0.7857539862923614 0.19805479492442427 0.2798018284565973 0.27502831283893314
18 0.6139918915119661 0.25353824745714354 0.22505737337727047 0.22063060439351542