10 0.5807962574670615 0.23293074055176624 0.13677574514639773 0.13480108876650537
10 0.26013453746999843 0.2526983360331063 0.5202690749399969 0.5053966720662126
10 0.9110602185036345 0.3153755546962395 0.09151524463839039 0.169992101347255
10 0.5484430759437741 0.34451379435620527 0.13861359386475441 0.13781638533467422
10 0.7926012882534242 0.36035636581248404 0.1367827379669923 0.13540205030496685
10 0.6895435877441933 0.3861973112887555 0.1319191030945445 0.13056638766164497
10 0.8017848021225842 0.5298694751620823 0.12647548514541887 0.12753011334175404
10 0.9100286493169191 0.6398668151298407 0.14105939694216693 0.14143613973325814
10 0.761605555990765 0.6918843501099388 0.10979541130097804 0.1400524094747427
10 0.39783653846153844 0.7127403846153846 0.6418269230769231 0.5697115384615384
10 0.7880766770307642 0.7978004251412247 0.10623159899377518 0.14363720095378996
10 0.7443268820692299 0.13653295531631057 0.3360025405486348 0.2657590611269647