2 0.3291089482647044 0.42477931670247426 0.12462544489065029 0.12519491136944658
2 0.41336443307833876 0.4543660195516687 0.11532501087191868 0.1307006057994173
2 0.16626197856754538 0.49655253626936996 0.11064840961252956 0.11007894313373338
2 0.28202453466814426 0.509811126186644 0.13284738066629911 0.13341684714509527
2 0.38203611053008196 0.5198469983987744 0.12089880623086202 0.0998285465154008
2 0.2262900314847266 0.5212736675011838 0.08397541488328066 0.1500335264236456
2 0.4637515473319249 0.5924509715398772 0.09109246816582324 0.14860858252424444
2 0.367844550845759 0.6149930026433312 0.11517009097841324 0.11630902393600574
2 0.17426683453217093 0.6264232186963928 0.09120822678520021 0.19655952536250637
2 0.4412197378477551 0.6428108713416274 0.12582736796757332 0.12525790148877722
2 0.27718106669295733 0.6689740041047768 0.125352386667773 0.12763025258295796
2 0.23870419580249264 0.735278965312822 0.1214001717806856 0.12083070530188941
2 0.3818590221949999 0.7451786356670069 0.12892666083887697 0.1272182614024883
2 0.4546043080036903 0.7609772735960725 0.12146316190001617 0.12203262837881222
2 0.648365883865628 0.7759263751159877 0.13056184853665087 0.16985503557359202
2 0.8991796446072835 0.827426868278956 0.1048175429666216 0.15891685845226533
2 0.6229160856536833 0.8620920067481079 0.13233834890201243 0.1465750108719184
2 0.7744213834653215 0.8712306848606839 0.1130760846115777 0.14496620742416783
2 0.30086369115762923 0.8464125778444361 0.12781922294094983 0.12895815589854218