6 0.7812494400335601 0.2032187519726235 0.2278141231099336 0.23280267294485388
27 0.23362569690135018 0.3930390179580272 0.05187577561374864 0.07342443296275483
27 0.3191303286608297 0.3989200615963362 0.055523568169003154 0.07417231833858814
27 0.27857586064999224 0.41884056554494886 0.061684523518409515 0.05944212755179297
27 0.3250388640801045 0.4662767285164857 0.06738734063596039 0.06386924407708114
27 0.2644972069977627 0.47459633097347503 0.05838967089218737 0.08088084448657937
27 0.759470881409459 0.525925922080937 0.033771399469117114 0.037331032231580144
27 0.2951671171299338 0.5189919778292219 0.06365550143173532 0.06191943562432501
27 0.7674470763866975 0.5885728459183087 0.05593968307637344 0.054414049488042994
27 0.7998989994636206 0.5898951604546536 0.05261544212133355 0.06686283065213512
19 0.9206730769230769 0.8846153846153846 0.15384615384615385 0.22596153846153846
19 0.5385620584604391 0.1262140863984008 0.19675336806172739 0.19138734647518607