28 0.8238296322416132 0.1861742805971695 0.1202924875112695 0.1806121847231571
28 0.23741704857523024 0.17973398483092967 0.04586934190777921 0.04672214205328524
28 0.18107352147727054 0.18683261807286342 0.03509399350616427 0.04887421257588146
28 0.5804686369866212 0.21655303366666714 0.11956564810072944 0.17338665872654924
28 0.5041959290692831 0.2520222445623936 0.07862242819613659 0.09914617371965818
28 0.1881740784198995 0.24947249342355787 0.053185778596049685 0.052899607858734043
28 0.652320099273494 0.3407717415808766 0.11725925199703088 0.14449854227518702
28 0.5179145111115735 0.3496577644945517 0.09966657186496355 0.10023669898555031
28 0.8069993556413271 0.4609111139500541 0.1461054058431848 0.1451699439585204
28 0.6965902697271752 0.46795279211266083 0.1104043675063813 0.164763384162046
28 0.9117974394324453 0.4765660988982913 0.08526888111772898 0.17018552307374463
28 0.6235605937775399 0.5515548762255881 0.08648433566341396 0.13657363952510693
28 0.5831445947754216 0.7140093121621265 0.11492883460189719 0.1486493229041401
28 0.5757989891353621 0.08668939121869706 0.11189559908765864 0.11253568045616998
28 0.699032721648351 0.7455410727416137 0.15349527129016766 0.15555414053320013
28 0.6133273626315687 0.8600854310830133 0.14491397258893485 0.14574293042684325
28 0.8701923076923077 0.9230769230769231 0.11538461538461539 0.14903846153846154
28 0.5661057692307693 0.9507211538461539 0.11298076923076923 0.09375