18 0.12346494773048776 0.27354772695005225 0.1746301713141943 0.24779309661527146
18 0.4748320697865015 0.2859128588749739 0.15087799438744626 0.21924788413976243
18 0.06655667801006711 0.4479949176676036 0.1258408226019563 0.2867024723571006
18 0.26249811083090624 0.43784405875003485 0.19637625079566318 0.2071507094372042
18 0.39928042776524136 0.5120731825112862 0.16648243695832002 0.2700904759633136
18 0.5400312985359407 0.513878830735155 0.16050694361136267 0.16942180811823868
18 0.1713206267443321 0.5615632705369562 0.14640553643562818 0.19614176612147582
18 0.3410253261641254 0.06533023478007746 0.14590904617342573 0.13066046956015492
18 0.23470256420454078 0.7367216497430212 0.1920925989998939 0.20027055295737903
18 0.3853345467732119 0.7607476545844327 0.15807554720779585 0.21850809744583607
18 0.10123400216663805 0.8439058878666551 0.18562229952136206 0.2635103396513051
18 0.1455454195025168 0.1037380415708319 0.14750956002422966 0.18780532731351374
18 0.28182509541936906 0.2381403419087365 0.2042516861810127 0.21306001103160455