12 0.5104091502188812 0.23762714270945556 0.28006946984451164 0.22806318600862732
12 0.8629868508915082 0.28545932472847296 0.2286714491660302 0.18964260521324808
12 0.9074519230769231 0.4026442307692308 0.18028846153846154 0.19951923076923078
12 0.6192208886211987 0.5799814040196586 0.24508617818050896 0.12097962941239342
12 0.3791790955237839 0.5827998515303422 0.26959293936768347 0.26564401223031536
12 0.7910917984777566 0.6428201196784727 0.24544939763049592 0.18883233311826939
12 0.5299051361202985 0.6571542466958872 0.37211149362367213 0.09992051284372366
12 0.6580884859300183 0.7381886539903317 0.3594668140097512 0.09902581306880374
12 0.3372239990040139 0.7319212333401712 0.15010772272563613 0.14758777764743605
12 0.8802218243330089 0.767374528434349 0.1548266418539466 0.1897250230150909
12 0.1952950365587342 0.7850546095388891 0.2251370967822256 0.22078070493269253
12 0.5993105564767672 0.8280801041892633 0.361881881280851 0.11409181413555067
12 0.3981710733530059 0.8426110616366991 0.14987202570888278 0.18600735350376632
12 0.7910264632915307 0.8769713191173618 0.18044760225173534 0.18491783317692304
12 0.6135560870410806 0.9124664952051287 0.1709322119329863 0.15767873845518182
12 0.46033653846153844 0.9278846153846154 0.20432692307692307 0.13942307692307693
12 0.7204600212925606 0.11763468026431684 0.21976619643127518 0.20684668926752153