22 0.8322381405914304 0.28846153846153844 0.15615378961799592 0.14723557692307693
22 0.29789140312494794 0.3016826923076923 0.08853370211847171 0.12980769230769232
22 0.914231091918806 0.3293269230769231 0.09113674024959387 0.08774038461538461
22 0.14664828740991614 0.34375 0.12832569930041543 0.12079326923076923
22 0.4161991180469803 0.3605769230769231 0.13594411813278165 0.14002403846153846
22 0.6267297376761527 0.3798076923076923 0.10022264986212329 0.19230769230769232
22 0.8785768943753077 0.4362980769230769 0.12486462834386731 0.18088942307692307
22 0.3206956163250083 0.43990384615384615 0.12056596780046182 0.16766826923076922
22 0.09935279981317044 0.44350961538461536 0.0967973545730699 0.09254807692307693
22 0.5667272388071819 0.515625 0.10984058988232899 0.18088942307692307
22 0.2556232430517388 0.5348557692307693 0.10635824548539984 0.19471153846153846
22 0.34566704763051886 0.6514423076923077 0.15172659343110803 0.14302884615384615
22 0.4639015508139365 0.6658653846153846 0.12309068338332711 0.19290865384615385
22 0.06725070799919934 0.6959134615384616 0.13450141599839868 0.14903846153846154
22 0.5907435967034496 0.6995192307692307 0.16133942264167173 0.1544471153846154
22 0.010549648284689805 0.7139423076923077 0.02109929656937961 0.1346153846153846
22 0.663819165537719 0.75 0.11637201405533631 0.11057692307692307
22 0.3708751069844254 0.7896634615384616 0.09169598510910586 0.1328125
22 0.8605038409370738 0.8040865384615384 0.1213899501614014 0.16045673076923078
22 0.15478602442523595 0.8076923076923077 0.11445931183202955 0.17728365384615385
22 0.14102338395455183 0.08413461538461539 0.13050396922696245 0.13942307692307693
22 0.910112970116499 0.8665865384615384 0.09005568660168979 0.11298076923076923
22 0.6119730569202455 0.8677884615384616 0.11887884180445418 0.21574519230769232
22 0.3079546193876797 0.8894230769230769 0.12781922294094983 0.12259615384615384
22 0.07940537522394543 0.9158653846153846 0.1343880831850772 0.16766826923076922
22 0.3732466278767935 0.9278846153846154 0.11887034538817841 0.1123798076923077
22 0.7890490223728476 0.9290865384615384 0.11978370211847178 0.12980769230769232
22 0.013507229587345255 0.9290865384615384 0.02701445917469051 0.13701923076923078
22 0.6992248530099118 0.9459134615384616 0.09360357652277046 0.0889423076923077
22 0.4327808518598487 0.11298076923076923 0.0938376491663455 0.1736778846153846
22 0.710362092509749 0.1141826923076923 0.13265585490348614 0.1346153846153846
22 0.917286942908152 0.13341346153846154 0.11354084429209402 0.18269230769230768
22 0.04937250113102926 0.13581730769230768 0.08465808457663283 0.2049278846153846
22 0.3087989153884222 0.13942307692307693 0.12201729594988614 0.18389423076923078
22 0.5145269535195443 0.1814903846153846 0.12968509767566488 0.12379807692307693
22 0.10392041366645013 0.21875 0.13411229386255277 0.12800480769230768
22 0.3824516169159511 0.2247596153846154 0.1311236488009841 0.1971153846153846