0 0.4530167482499047 0.25618606786903075 0.15528766608287917 0.15588380118544648
0 0.24156220529282887 0.26714890076563985 0.1449349522342812 0.1477740358729136
0 0.40987339535275247 0.26465661236012034 0.14246816714439595 0.14409832186272487
0 0.9663461538461539 0.2644230769230769 0.0625 0.11057692307692307
0 0.36757804133044836 0.4594951785537065 0.19778139110415058 0.6977109265178494
0 0.6116103852365259 0.45479962959647235 0.24683995098185954 0.686524602188257
0 0.8628332879587954 0.4486923232240567 0.23543961975034805 0.7216316090603901
0 0.1524967494972569 0.4693610055425218 0.2094304364337304 0.7112643180662459
0 0.9298025761721308 0.22066741376964272 0.06231831949119245 0.2667027131676067
0 0.7736994336895557 0.23362728597037236 0.17673042301328798 0.17993331800536724
0 0.6811933160571717 0.23872400613186964 0.05527765983851378 0.24187094194727995