1 0.6792908508532806 0.21118072932475093 0.1702985775619734 0.23978491694412496
1 0.5754794713632614 0.25447708931104523 0.1797751370218935 0.2471013477145794
1 0.47887963033478076 0.2978573631444724 0.1741739263494909 0.24403360463692209
1 0.372433336499417 0.34473152107915833 0.21930069460771845 0.20792738361772603
1 0.7617203518755135 0.4827742298511139 0.21242400286793411 0.4192280892559779
1 0.2592860651105987 0.496172986706152 0.19785403003521146 0.4448806292537753
1 0.6623315510406892 0.5321361477867789 0.31593812579862074 0.30093041491209616
1 0.16358005623704322 0.5443749384884603 0.20130575380498167 0.4425187400234955
1 0.5587512397421686 0.5718267385423039 0.2308612537339932 0.41644005900209674
1 0.4527670822898016 0.6114893580154515 0.2265389888690133 0.4145882246425512
1 0.34706057514836414 0.6655890400528647 0.31454364589544903 0.2979116215785996
1 0.2525564893517317 0.7138049774763618 0.22752506405997214 0.42060483284776085