14 0.22516804829038486 0.2767354657367206 0.14214310046381678 0.14214310046381687
14 0.6403090007620585 0.3320504386939629 0.14217109069731912 0.14274406200227835
14 0.46097220716267356 0.3440860609509793 0.12450446061532852 0.12393148931036914
14 0.7570931278217865 0.3674726404494723 0.1974908563966305 0.1974908563966305
14 0.3616077689744373 0.39942387510175015 0.0993661842263862 0.18932267910499403
14 0.6005435200716308 0.4825114312500179 0.1245604410823329 0.12513341238729225
14 0.13595909397244504 0.472866221288505 0.205695219665662 0.20626819097062127
14 0.27197730419028987 0.5607548418897698 0.10961052061373454 0.19039947461299397
14 0.4430422443823983 0.5771175297428712 0.16924400712526436 0.17038994973518293
14 0.7604125450117903 0.6962397588563504 0.18431085941889308 0.18488383072385245
14 0.5857714827860887 0.7060954568275387 0.17607850591635932 0.17550553461140012
14 0.2615618015490565 0.7233766733462408 0.1641284222490473 0.16355545094408797
14 0.5318298663830828 0.7839372405651687 0.07256497438957059 0.25763470589142
14 0.2063063011351186 0.7987586304630199 0.09705127966406821 0.26836969984689457
14 0.8273383158324937 0.8456733975911911 0.21507351577811454 0.2145005444731549
14 0.44675021091408607 0.8627273783145275 0.07014464767346268 0.21854421565791754
14 0.3599677657945687 0.10671444900256444 0.14151414869185308 0.14151414869185303