16 0.5538015185279846 0.40789079155813585 0.22173199769287763 0.7746528009880598
16 0.7038555746656456 0.48508479769816165 0.18432732880427238 0.7055899149772148
2 0.30823471147457354 0.6367636197075238 0.037582005409319524 0.06247329512712614
2 0.25325434085810994 0.6396405963942781 0.047767910952097134 0.04364126064415922
2 0.38065818701195614 0.6440896367381785 0.03877677893488961 0.03433303301622404
2 0.21975454016526275 0.640869224344075 0.041527227375983244 0.03982563101980984
2 0.31445925354232507 0.6777549205590565 0.02615658662719716 0.03389232618970549
2 0.35788252977255475 0.6816697615466801 0.038329862857426934 0.036715893130711934
2 0.23776724481074657 0.6786744767519989 0.0221809240494649 0.03735119314496853
16 0.519355776343813 0.7124924326312985 0.2973163888604943 0.2886046621476339
2 0.6972224078144099 0.8494201111148759 0.040849243107022204 0.03860272190352877
2 0.7293966805804037 0.8649344620845698 0.04916239085526897 0.04668804041518316
2 0.6735224778090149 0.8725771590003006 0.035171009704120376 0.03420711678007557