18 0.6572053533942408 0.41627980102387185 0.18677555525411446 0.25849363749350085
18 0.5262692725090478 0.4242043558054846 0.2554078603818222 0.24933271839886031
18 0.7591969699459399 0.46408744060624996 0.11830320303441756 0.1157453683170294
18 0.35903011982997757 0.4563310887613288 0.1976051517573397 0.25194713748264136
18 0.8761513792706727 0.49003859839124814 0.19148513544054943 0.2575717306063373
18 0.2789672566605831 0.47200350584310896 0.19445337424922896 0.19135502816918568
18 0.6891905000223808 0.6322640803623811 0.21345075525560647 0.29952217795704017
18 0.8634447685543919 0.6567677401168014 0.1872541245986077 0.18375846744672777
18 0.3828717620276757 0.631169967294694 0.26650721562698443 0.2607450604944069
18 0.5289420839404992 0.6767600643246555 0.2679053629464221 0.26321891069569303
18 0.8551046431492697 0.7304469223167536 0.1781903479119318 0.270553797421674
18 0.6269840429218211 0.8666864974441615 0.1872050685379793 0.18315750590826624
18 0.7583861067914659 0.879124630922801 0.17333389709273533 0.1817514978242459
18 0.5460403526880225 0.22678524645945033 0.18794081026436787 0.22147903627492502
18 0.7760736433647819 0.2605187077807206 0.2328044125955511 0.22887687833789305
18 0.35532683357619976 0.2790765098036724 0.18123212122003357 0.21989209093708265