21 0.5487366466702313 0.2617110197376594 0.46229280993720184 0.45531490849822
21 0.7469449467025052 0.2876147604408773 0.37369758571270284 0.5099857486677829
21 0.21955601341220407 0.2760437487980977 0.21214297159761458 0.2097979714724486
21 0.8414622585475704 0.42953427453089993 0.19136390552625215 0.1882452144057183
21 0.34965770476596475 0.42960876487926153 0.6699798801577496 0.47997579696557235
21 0.8533653846153846 0.5913461538461539 0.28846153846153844 0.5673076923076923
21 0.7197797063653778 0.59236689814071 0.32467945420474115 0.32105659283048776
21 0.043944046921278554 0.058800518180900783 0.08728713230409557 0.11756603433808163
21 0.24269222855291733 0.7392860160160064 0.39828934153484064 0.39235451584225345
21 0.6418269230769231 0.7740384615384616 0.5 0.44711538461538464
21 0.0822003447372392 0.8005389190077641 0.05797805075486798 0.19663072263091272
21 0.9182692307692307 0.8894230769230769 0.15865384615384615 0.21634615384615385
21 0.27283653846153844 0.8605769230769231 0.3485576923076923 0.27403846153846156
21 0.8353365384615384 0.21153846153846154 0.3245192307692308 0.34615384615384615
21 0.18673836578804123 0.19036904436980484 0.37347673157608247 0.3807380887396097