28 0.9358336635503028 0.3066698153825961 0.10471554367818815 0.13622745668303082
28 0.12665953044604963 0.27971951658349953 0.1546283124950193 0.21623797926263397
28 0.04957845390400196 0.31956052448072464 0.09915690780800392 0.14873643357683386
28 0.5665600626725482 0.3494248662754504 0.18305295587496564 0.1826065753432953
28 0.681411206656947 0.39143501906841655 0.1623255376336627 0.16256772500698183
28 0.8661944970435547 0.4832586486088161 0.13821958595695621 0.19877438622376703
28 0.11828879366520224 0.48529733734980296 0.17416366036696568 0.17204740690224865
28 0.5574912270178183 0.5441364047369889 0.1441732208745671 0.19781733620913003
28 0.859977351278707 0.6684527516798844 0.13385808042162603 0.18240150084793372
28 0.04311199282623982 0.09310923989461392 0.08622398565247964 0.1855930309445377
28 0.6875197054151332 0.15686412061858762 0.17482060237243174 0.1732738172854003