5 0.27092424474439347 0.28503505637028154 0.15990432937619065 0.14955677232776132
5 0.14670934008053507 0.3357124666430081 0.2103727106130009 0.18676785900087298
5 0.7929025501025339 0.36301598963182335 0.15486354639323105 0.16871062053199212
5 0.41184417620641417 0.456307831733849 0.18575786515791284 0.1720720620746143
5 0.24519389462097088 0.46785323483328856 0.21775589569521894 0.20366471028374006
5 0.5724358855296549 0.4748524624810528 0.2028054909161442 0.1896817600254534
5 0.8420836808672885 0.48132107782895656 0.17090557250009544 0.15929103489325086
5 0.08779015975306378 0.5165603538290218 0.17558031950612757 0.18645318207412487
5 0.7096269612856481 0.5152834501542705 0.1312054428949643 0.12160485745237687
5 0.7804181298131831 0.618927705528117 0.19685722040307496 0.18300824771702678
5 0.3784852615145887 0.6296085250697929 0.243106582059737 0.22737493028692166
5 0.5754044218874588 0.6297187260686752 0.21119427564972917 0.23360789489790085
5 0.19829511046346743 0.689342736375666 0.22819264698124903 0.309454919514754
5 0.7031519580148298 0.7122869496401447 0.20725730362243547 0.2515738056663974
5 0.4785396099951419 0.7425185240293041 0.2646552749509711 0.24863934721269076
5 0.4010260750497749 0.22108054968664598 0.15443433065849058 0.15609742104489419
5 0.6139872615295092 0.23061033632426972 0.16131466632350444 0.17418920258408996