22 0.10532062470795935 0.07278064997429251 0.09900680083848833 0.09844366914269413
22 0.7362183398120192 0.08860265608885287 0.11376557860323189 0.11311850180992802
22 0.9144525619617514 0.7999340509426645 0.11010385923218499 0.11065171672004254
22 0.4536404473078519 0.8123315390826797 0.08468213913042205 0.12822950049894097
22 0.18143141965795928 0.16068278846027104 0.11069083323557702 0.11006124500425432
22 0.945658671090064 0.18243930443905276 0.09872755260662394 0.1122552947046363
22 0.4961923756439634 0.32730008678476347 0.08083958674252155 0.16961192807140135
22 0.8461468115805018 0.3766953739951475 0.10209553374121273 0.10210188748682934
22 0.04657837256377524 0.3734772989507033 0.09315674512755048 0.1021123773095026
22 0.4183730915373929 0.41612259989717004 0.13530278371188587 0.13512026098810567
22 0.6136990766029377 0.44478266670402034 0.07475902874350983 0.1148405094900157
22 0.6801395417363244 0.48321714222803497 0.09718992868803429 0.09781123813621306
22 0.5657879940687496 0.5401392863347028 0.128538343903045 0.1283942960156235
22 0.9142897362361639 0.5486272296390093 0.085143727787714 0.1480612312681716
22 0.6546173965414526 0.5982031443510685 0.10500393609660812 0.17544017482448354
22 0.4291584044033649 0.6243280275943657 0.10897237630013365 0.139466401098177
22 0.830013235622756 0.656575613755453 0.11499547675029366 0.11434140453219754
22 0.5893208944666127 0.6656008385323239 0.09162741195611665 0.09110625280907723
22 0.5333171403731303 0.07544171140992408 0.08605141015865396 0.10963116227465278
22 0.6414062920857906 0.08093564872187067 0.07330583250486128 0.12983307848353454