15 0.7135856663538465 0.3996156252966886 0.4649014995894234 0.4887537587089408
15 0.07128517696266062 0.4337314289833186 0.14195540485179026 0.8668163582858053
15 0.20003082154412427 0.44948620683519835 0.17905814253349417 0.7082542981208383
15 0.5194356391731841 0.5120829607530455 0.2433035696000273 0.633335609166197
15 0.8822115384615384 0.703125 0.23076923076923078 0.4254807692307692
15 0.32151299727996846 0.6686571449165932 0.4630286772986916 0.4856123365895219
15 0.8557692307692307 0.7439903846153846 0.2403846153846154 0.5072115384615384
15 0.17019951060881416 0.09568337217140258 0.1769374827560899 0.17898036961805805
15 0.6586538461538461 0.8173076923076923 0.19230769230769232 0.3605769230769231
15 0.4864032741966887 0.8455248286103203 0.27612612155048105 0.2908793182319992
15 0.13701923076923078 0.8185096153846154 0.23557692307692307 0.3581730769230769
15 0.526529247719872 0.19827203001608878 0.17805849543974384 0.33024052474088417
15 0.34772245995972234 0.1967208943589422 0.20506030453482935 0.35628266454364305
15 0.8605769230769231 0.32572115384615385 0.27403846153846156 0.38221153846153844