21 0.6658653846153846 0.20552884615384615 0.6634615384615384 0.3245192307692308
21 0.3125999600324608 0.264492502252745 0.11899422296964715 0.1163089978061394
21 0.9206730769230769 0.3004807692307692 0.15384615384615385 0.18269230769230768
21 0.9591346153846154 0.3233173076923077 0.07692307692307693 0.15144230769230768
21 0.7308016175026512 0.34990664633083585 0.24433424791979197 0.23767056098225717
21 0.15744200650263826 0.45884894799675635 0.25209208959963914 0.24577690865700047
21 0.8401442307692307 0.484375 0.31490384615384615 0.18990384615384615
21 0.3533131647333946 0.5364474976900534 0.6552318036212884 0.38924442769681633
21 0.9555288461538461 0.5612980769230769 0.08413461538461539 0.11778846153846154
21 0.8158766594094331 0.6357235557196842 0.1781068070362694 0.17324932997917158
21 0.7207225764018286 0.7745997316188473 0.3112466969907468 0.3033182023684944
21 0.2682298861516476 0.19880097215614106 0.5268237960004979 0.30970529915072