10 0.3882549353292029 0.2977234522718698 0.20512184818397416 0.1337447427433922
10 0.38326744508048505 0.34108375932584134 0.23100841633447272 0.12257280530390616
10 0.3869941696508556 0.4076628413556073 0.28233832306249984 0.10198627689794812
10 0.6228004728477935 0.7420112138354601 0.14568658852329036 0.14356846728705938
10 0.09662574948307587 0.8024084637690654 0.19325149896615174 0.13389999824993465
10 0.5886513648219389 0.7911631209539798 0.15026136054533445 0.14809396505288291
10 0.09015404117948884 0.8528160880903867 0.14377854926424474 0.14222992978302512
10 0.6212988865358279 0.8137622933118815 0.14498047234116795 0.1423210060677659
10 0.6407252544035629 0.8373633048019321 0.2030566219822292 0.08284516454364302
10 0.09844429853870276 0.8812068605128366 0.19688859707740552 0.0675844696826062
10 0.08019377133240918 0.9120746239985806 0.14971297632870342 0.14864938844897407